 FDMNES program, Revision 15th of May 2023         
   Date = 04 08 2023                              
   Time = 20 h 25 mn 43 s                         

 Threshold: Oxygen K1 edge                                                                                                          
 Radius =  3.00
 Range = -30.000   0.100  70.000   1.000 100.000
 Dipole component
 Quadrupole component
 Non-relativistic calculation
 Non-magnetic calculation
 Real bases
 Multiple scattering calculation (Green)
   Optimized type muffin-tin radius
   Overlap of the muffin-tin radius  =  0.10
   Limitation on the maximum value of L
 Normalization of the atomic radial wave functions to one state per Rydberg

 Hedin and Lundqvist exchange-correlation potential
   D_max_pot =  2.500 A

 Self consistent calculation
   Maximum number of iteration =  100
   Weight = 0.100,   Weight max = 1.000
   Delta energy for convergence =  0.100 eV / atom
   Cluster radius used for this part =  3.000 A
   Non excited absorbing atom in this part
 
   ngroup =   56, ntype = 2
 
 Crystal,  n_atom_uc =   56
   Space Group = -3           
   a, b, c =   8.0835000   8.0835000   8.0835000
   alfa, beta, gamma =   90.000   90.000   90.000
    Z         x              y              z      Typ  Occupancy   B_iso                                                                                                                  
   27   0.8750000000   0.8750000000   0.8750000000   1   1.00000   1.02000
   27   0.1250000000   0.1250000000   0.1250000000   1   1.00000   1.02000
   27   0.8750000000   0.3750000000   0.3750000000   1   1.00000   1.02000
   27   0.1250000000   0.6250000000   0.6250000000   1   1.00000   1.02000
   27   0.3750000000   0.8750000000   0.3750000000   1   1.00000   1.02000
   27   0.6250000000   0.1250000000   0.6250000000   1   1.00000   1.02000
   27   0.3750000000   0.3750000000   0.8750000000   1   1.00000   1.02000
   27   0.6250000000   0.6250000000   0.1250000000   1   1.00000   1.02000
   27   0.5000000000   0.2500000000   0.2500000000   1   1.00000   0.84000
   27   0.2500000000   0.5000000000   0.2500000000   1   1.00000   0.84000
   27   0.2500000000   0.2500000000   0.5000000000   1   1.00000   0.84000
   27   0.5000000000   0.5000000000   0.5000000000   1   1.00000   0.84000
   27   0.5000000000   0.7500000000   0.7500000000   1   1.00000   0.84000
   27   0.7500000000   0.5000000000   0.7500000000   1   1.00000   0.84000
   27   0.7500000000   0.7500000000   0.5000000000   1   1.00000   0.84000
   27   0.2500000000   0.0000000000   0.7500000000   1   1.00000   0.84000
   27   0.2500000000   0.7500000000   0.0000000000   1   1.00000   0.84000
   27   0.5000000000   0.0000000000   0.0000000000   1   1.00000   0.84000
   27   0.7500000000   0.0000000000   0.2500000000   1   1.00000   0.84000
   27   0.7500000000   0.2500000000   0.0000000000   1   1.00000   0.84000
   27   0.0000000000   0.2500000000   0.7500000000   1   1.00000   0.84000
   27   0.0000000000   0.5000000000   0.0000000000   1   1.00000   0.84000
   27   0.0000000000   0.7500000000   0.2500000000   1   1.00000   0.84000
   27   0.0000000000   0.0000000000   0.5000000000   1   1.00000   0.84000
    8   0.7363000000   0.0137000000   0.0137000000   2   1.00000   1.16000
    8   0.0137000000   0.7363000000   0.0137000000   2   1.00000   1.16000
    8   0.0137000000   0.0137000000   0.7363000000   2   1.00000   1.16000
    8   0.7363000000   0.7363000000   0.7363000000   2   1.00000   1.16000
    8   0.2637000000   0.9863000000   0.9863000000   2   1.00000   1.16000
    8   0.9863000000   0.2637000000   0.9863000000   2   1.00000   1.16000
    8   0.9863000000   0.9863000000   0.2637000000   2   1.00000   1.16000
    8   0.2637000000   0.2637000000   0.2637000000   2   1.00000   1.16000
    8   0.7363000000   0.5137000000   0.5137000000   2   1.00000   1.16000
    8   0.0137000000   0.2363000000   0.5137000000   2   1.00000   1.16000
    8   0.0137000000   0.5137000000   0.2363000000   2   1.00000   1.16000
    8   0.7363000000   0.2363000000   0.2363000000   2   1.00000   1.16000
    8   0.2637000000   0.4863000000   0.4863000000   2   1.00000   1.16000
    8   0.9863000000   0.7637000000   0.4863000000   2   1.00000   1.16000
    8   0.9863000000   0.4863000000   0.7637000000   2   1.00000   1.16000
    8   0.2637000000   0.7637000000   0.7637000000   2   1.00000   1.16000
    8   0.2363000000   0.0137000000   0.5137000000   2   1.00000   1.16000
    8   0.5137000000   0.7363000000   0.5137000000   2   1.00000   1.16000
    8   0.5137000000   0.0137000000   0.2363000000   2   1.00000   1.16000
    8   0.2363000000   0.7363000000   0.2363000000   2   1.00000   1.16000
    8   0.7637000000   0.9863000000   0.4863000000   2   1.00000   1.16000
    8   0.4863000000   0.2637000000   0.4863000000   2   1.00000   1.16000
    8   0.4863000000   0.9863000000   0.7637000000   2   1.00000   1.16000
    8   0.7637000000   0.2637000000   0.7637000000   2   1.00000   1.16000
    8   0.2363000000   0.5137000000   0.0137000000   2   1.00000   1.16000
    8   0.5137000000   0.2363000000   0.0137000000   2   1.00000   1.16000
    8   0.5137000000   0.5137000000   0.7363000000   2   1.00000   1.16000
    8   0.2363000000   0.2363000000   0.7363000000   2   1.00000   1.16000
    8   0.7637000000   0.4863000000   0.9863000000   2   1.00000   1.16000
    8   0.4863000000   0.7637000000   0.9863000000   2   1.00000   1.16000
    8   0.4863000000   0.4863000000   0.2637000000   2   1.00000   1.16000
    8   0.7637000000   0.7637000000   0.2637000000   2   1.00000   1.16000

 Sequential calculation

 FDM atom radius: Type   Z    R
                    1   27  1.000
                    2    8  0.533

 ---- Symsite ----------------------------------------------------------------------------------------------------------

   ipr =   1, Z = 27, natomsym =     8

  igr        posx        posy        posz           sym    code
    1    0.87500000  0.87500000  0.87500000            E     1
    2    0.12500000  0.12500000  0.12500000       C2_110    10
    3    0.87500000  0.37500000  0.37500000            E     1
    4    0.12500000  0.62500000  0.62500000       C2_110    10
    5    0.37500000  0.87500000  0.37500000            E     1
    6    0.62500000  0.12500000  0.62500000       C2_110    10
    7    0.37500000  0.37500000  0.87500000            E     1
    8    0.62500000  0.62500000  0.12500000       C2_110    10

   ipr =   2, Z = 27, natomsym =    16

  igr        posx        posy        posz           sym    code
    9    0.50000000  0.25000000  0.25000000            E     1
   10    0.25000000  0.50000000  0.25000000       C3_111     2
   11    0.25000000  0.25000000  0.50000000      -C3_111     3
   12    0.50000000  0.50000000  0.50000000      C3_1-11     4
   13    0.50000000  0.75000000  0.75000000            E     1
   14    0.75000000  0.50000000  0.75000000       C3_111     2
   15    0.75000000  0.75000000  0.50000000      -C3_111     3
   16    0.25000000  0.00000000  0.75000000       C3_111     2
   17    0.25000000  0.75000000  0.00000000      -C3_111     3
   18    0.50000000  0.00000000  0.00000000      C3_1-11     4
   19    0.75000000  0.00000000  0.25000000       C3_111     2
   20    0.75000000  0.25000000  0.00000000      -C3_111     3
   21    0.00000000  0.25000000  0.75000000            E     1
   22    0.00000000  0.50000000  0.00000000      C3_1-11     4
   23    0.00000000  0.75000000  0.25000000            E     1
   24    0.00000000  0.00000000  0.50000000      C3_1-11     4

   ipr =   3, Z =  8, natomsym =    32

  igr        posx        posy        posz           sym    code
   25    0.73630000  0.01370000  0.01370000            E     1
   26    0.01370000  0.73630000  0.01370000       C3_111     2
   27    0.01370000  0.01370000  0.73630000      -C3_111     3
   28    0.73630000  0.73630000  0.73630000      C3_1-11     4
   29    0.26370000  0.98630000  0.98630000       C2_110    10
   30    0.98630000  0.26370000  0.98630000      C2_-110    11
   31    0.98630000  0.98630000  0.26370000      C2_-101    13
   32    0.26370000  0.26370000  0.26370000       C2_011    14
   33    0.73630000  0.51370000  0.51370000            E     1
   34    0.01370000  0.23630000  0.51370000       C3_111     2
   35    0.01370000  0.51370000  0.23630000      -C3_111     3
   36    0.73630000  0.23630000  0.23630000      C3_1-11     4
   37    0.26370000  0.48630000  0.48630000       C2_110    10
   38    0.98630000  0.76370000  0.48630000      C2_-110    11
   39    0.98630000  0.48630000  0.76370000      C2_-101    13
   40    0.26370000  0.76370000  0.76370000       C2_011    14
   41    0.23630000  0.01370000  0.51370000            E     1
   42    0.51370000  0.73630000  0.51370000       C3_111     2
   43    0.51370000  0.01370000  0.23630000      -C3_111     3
   44    0.23630000  0.73630000  0.23630000      C3_1-11     4
   45    0.76370000  0.98630000  0.48630000       C2_110    10
   46    0.48630000  0.26370000  0.48630000      C2_-110    11
   47    0.48630000  0.98630000  0.76370000      C2_-101    13
   48    0.76370000  0.26370000  0.76370000       C2_011    14
   49    0.23630000  0.51370000  0.01370000            E     1
   50    0.51370000  0.23630000  0.01370000       C3_111     2
   51    0.51370000  0.51370000  0.73630000      -C3_111     3
   52    0.23630000  0.23630000  0.73630000      C3_1-11     4
   53    0.76370000  0.48630000  0.98630000       C2_110    10
   54    0.48630000  0.76370000  0.98630000      C2_-110    11
   55    0.48630000  0.48630000  0.26370000      C2_-101    13
   56    0.76370000  0.76370000  0.26370000       C2_011    14

 ------------------------------------------------------------------------------------------------------------------------

 Absorbing atom  27 begining

 E_edge     =   543.10 eV

 ---- Init_run ----------------------------------------------------------------------------------------------------------

 Atom type  1,  Z = 27   Relativistic atomic calculation
   n  L   j      pop
   3  0  0.5    2.000
   3  1  0.5    2.000
   3  1  1.5    4.000
   4  0  0.5    2.000
   3  2  1.5    2.800
   3  2  2.5    4.200

 Atom type  2,  Z =  8   Relativistic atomic calculation
   n  L   j      pop
   1  0  0.5    2.000
   2  0  0.5    2.000
   2  1  0.5    1.333
   2  1  1.5    2.667

 Excited atom, type 0,  Z =  8   Relativistic atomic calculation
   n  L   j      pop
   1  0  0.5    1.000
   2  0  0.5    2.000
   2  1  0.5    1.667
   2  1  1.5    3.333

 Excited atom total energy = -1.49773E+03 eV
         atom total energy = -2.02822E+03 eV
                Difference =  5.30488E+02 eV
 S02 =   0.97971

 Atom type                     Z  n  L  popatv
  0  Dirac                     8
  1  Dirac                    27
  2  Dirac                     8

 Default or imposed orbital screening :
      When default is used, if the screening orbital is full,
      it is the next one which is filled
   n_screening_orbital = 2
   l_screening_orbital = 1
   Screening = 1.000

 ---- Natomp_cal --------------------------------------------------------------------------------------------------------

 Cluster radius = 3.00 A, nb. of atom =  14
 Potential sup calculation: cluster radius = 5.50 A, nb. of atom =  73

 ---- Agregat ----------------------------------------------------------------------------------------------------------

 Index of the absorbing atom, iaabs =  1

 Point group : 3m       (C3v  )

 iopsymc =
                                         E :  1
        C3_111, -C3_111, C3_1-11, -C3_1-11 :  0 0 0 0
      C3_-111, -C3_-111, C3_11-1, -C3_11-1 :  0 0 0 0
                   C2_110, C2_-110, C2_101 :  0 0 0
                  C2_-101, C2_011, C2_0-11 :  0 0 0
                             C4x, C4y, C4z :  0 0 0
                          -C4x, -C4y, -C4z :  0 0 0
                             C2x, C2y, C2z :  0 0 0
                                         i :  0
                             S4x, S4y, S4z :  0 0 0
                          -S4x, -S4y, -S4z :  0 0 0
    iC3_111, -iC3_111, iC3_1-11, -iC3_1-11 :  0 0 0 0
  iC3_-111, -iC3_-111, iC3_11-1, -iC3_11-1 :  0 0 0 0
                                mx, my, mz :  1 0 0
                       d_011, d_101, d_110 :  0 0 0
                    d_01-1, d_10-1, d_1-10 :  0 0 0
                      C3z, -C3z, C6z, -C6z :  1 1 0 0
                      S3z, -S3z, S6z, -S6z :  0 0 0 0
              d_030, C2_030, d_060, C2_060 :  1 0 0 0
              d_120, C2_120, d_150, C2_150 :  0 0 1 0

 Point group used : 3        (C3   )

 iopsymr =
                                         E :  1
        C3_111, -C3_111, C3_1-11, -C3_1-11 :  0 0 0 0
      C3_-111, -C3_-111, C3_11-1, -C3_11-1 :  0 0 0 0
                   C2_110, C2_-110, C2_101 :  0 0 0
                  C2_-101, C2_011, C2_0-11 :  0 0 0
                             C4x, C4y, C4z :  0 0 0
                          -C4x, -C4y, -C4z :  0 0 0
                             C2x, C2y, C2z :  0 0 0
                                         i :  0
                             S4x, S4y, S4z :  0 0 0
                          -S4x, -S4y, -S4z :  0 0 0
    iC3_111, -iC3_111, iC3_1-11, -iC3_1-11 :  0 0 0 0
  iC3_-111, -iC3_-111, iC3_11-1, -iC3_11-1 :  0 0 0 0
                                mx, my, mz :  0 0 0
                       d_011, d_101, d_110 :  0 0 0
                    d_01-1, d_10-1, d_1-10 :  0 0 0
                      C3z, -C3z, C6z, -C6z :  1 1 0 0
                      S3z, -S3z, S6z, -S6z :  0 0 0 0
              d_030, C2_030, d_060, C2_060 :  0 0 0 0
              d_120, C2_120, d_150, C2_150 :  0 0 0 0

 Character table :
       1 49 50
       1  1  1                                                                                                                                       
       1  j j2                                                                                                                                       

 Symmetry code      Character code
    1        E     j = exp(2.i.pi/3)
   49      C3z
   50     -C3z

 Transformation matrices :
    R1: internal orthonormal bases with z along c, y along c x a
        but for trigonal symmetry where z is along the hexagonal axis,
        used for the tensorial expansion
    R2: internal orthonormal bases used for the electronic structure calculation

 Transformation Crystal Bases - Bases R1:
      15.27560    0.00000    0.00000
       0.00000   15.27560    0.00000
       0.00000    0.00000   15.27560

 Transformation Crystal Normalized Bases - Bases R1:
       1.00000    0.00000    0.00000
       0.00000    1.00000    0.00000
       0.00000    0.00000    1.00000

 Rotation Bases R1 - Bases R2:
       0.70711   -0.70711    0.00000
      -0.40825   -0.40825   -0.81650
       0.57735    0.57735   -0.57735

 Inverse matrix:
       0.70711   -0.40825    0.57735
      -0.70711   -0.40825    0.57735
       0.00000   -0.81650   -0.57735

 Transformation Crystal Bases - Bases R2:
      10.80148  -10.80148    0.00000
      -6.23624   -6.23624  -12.47248
       8.81937    8.81937   -8.81937

 Inverse matrix:
       0.04629   -0.02673    0.03780
      -0.04629   -0.02673    0.03780
       0.00000   -0.05345   -0.03780

 Cluster: atom positions in order, in the internal R2 bases
   Z        posx           posy           posz            dista     Taux_oc  ia   igr ity ipr  chargat
   8   0.0000000000   0.0000000000   0.0000000000   !    0.000000   1.00000   1    27   0   3  0.00000
  27  -1.4289744164  -0.8250187640   0.9749385772   !    1.916541   1.00000   2    21   1   2  0.00000
  27   0.0000000000   1.6500375280   0.9749385772   !    1.916541   1.00000   3    24   1   2  0.00000
  27   1.4289744164  -0.8250187640   0.9749385772   !    1.916541   1.00000   4    16   1   2  0.00000
  27   0.0000000000   0.0000000000  -1.9419432359   !    1.941943   1.00000   5     1   1   1  0.00000
   8  -1.2723588204   0.7345967075   2.0777532531   !    2.544718   1.00000   6    34   2   3  0.00000
   8   1.2723588204   0.7345967075   2.0777532531   !    2.544718   1.00000   7    41   2   3  0.00000
   8   0.0000000000  -1.4691934149   2.0777532531   !    2.544718   1.00000   8    52   2   3  0.00000
   8  -1.2723588204   2.5654783485  -0.1278760987   !    2.866519   1.00000   9    45   2   3  0.00000
   8  -1.5855900125  -2.3846342354  -0.1278760987   !    2.866519   1.00000  10    30   2   3  0.00000
   8  -2.8579488329  -0.1808441131  -0.1278760987   !    2.866519   1.00000  11    48   2   3  0.00000
   8   1.5855900125  -2.3846342354  -0.1278760987   !    2.866519   1.00000  12    29   2   3  0.00000
   8   2.8579488329  -0.1808441131  -0.1278760987   !    2.866519   1.00000  13    40   2   3  0.00000
   8   1.2723588204   2.5654783485  -0.1278760987   !    2.866519   1.00000  14    38   2   3  0.00000
   8  -1.5855900125  -0.9154408205  -2.5892576479   !    3.171180   1.00000  15    25   2   3  0.00000
   8   1.5855900125  -0.9154408205  -2.5892576479   !    3.171180   1.00000  16    26   2   3  0.00000
   8   0.0000000000   1.8308816410  -2.5892576479   !    3.171180   1.00000  17    28   2   3  0.00000
  27   0.0000000000  -0.0000000000   3.3084440277   !    3.308444   1.00000  18    11   1   2  0.00000
  27   2.8579488329   1.6500375280  -0.7751905107   !    3.389899   1.00000  19     4   1   1  0.00000
  27  -2.8579488329   1.6500375280  -0.7751905107   !    3.389899   1.00000  20     6   1   1  0.00000
  27   0.0000000000  -3.3000750560  -0.7751905107   !    3.389899   1.00000  21     2   1   1  0.00000
  27  -2.8579488329  -1.6500375280  -1.3585668733   !    3.568781   1.00000  22    20   1   2  0.00000
  27   2.8579488329  -1.6500375280  -1.3585668733   !    3.568781   1.00000  23    17   1   2  0.00000
  27   0.0000000000   3.3000750560  -1.3585668733   !    3.568781   1.00000  24    15   1   2  0.00000
   8   2.8579488329  -1.6500375280   1.9498771544   !    3.833082   1.00000  25    47   2   3  0.00000
   8   0.0000000000   3.3000750560   1.9498771544   !    3.833082   1.00000  26    31   2   3  0.00000
   8  -2.8579488329  -1.6500375280   1.9498771544   !    3.833082   1.00000  27    39   2   3  0.00000
   8   2.8579488329   1.6500375280  -2.7171337466   !    4.274729   1.00000  28    39   2   3  0.00000
   8  -2.8579488329   1.6500375280  -2.7171337466   !    4.274729   1.00000  29    47   2   3  0.00000
   8   0.0000000000  -3.3000750560  -2.7171337466   !    4.274729   1.00000  30    31   2   3  0.00000
  27   2.8579488329   1.6500375280   2.7250676651   !    4.279777   1.00000  31     5   1   1  0.00000
  27  -2.8579488329   1.6500375280   2.7250676651   !    4.279777   1.00000  32     3   1   1  0.00000
  27   0.0000000000  -3.3000750560   2.7250676651   !    4.279777   1.00000  33     7   1   1  0.00000
  27   1.4289744164   4.1250938200   0.9749385772   !    4.473128   1.00000  34    23   1   2  0.00000
  27  -1.4289744164   4.1250938200   0.9749385772   !    4.473128   1.00000  35    19   1   2  0.00000
  27  -4.2869232493  -0.8250187640   0.9749385772   !    4.473128   1.00000  36    14   1   2  0.00000
  27   4.2869232493  -0.8250187640   0.9749385772   !    4.473128   1.00000  37    13   1   2  0.00000
  27   2.8579488329  -3.3000750560   0.9749385772   !    4.473128   1.00000  38    18   1   2  0.00000
  27  -2.8579488329  -3.3000750560   0.9749385772   !    4.473128   1.00000  39    22   1   2  0.00000
  27  -1.4289744164  -2.4750562920  -3.6920723238   !    4.668969   1.00000  40    19   1   2  0.00000
  27   1.4289744164   2.4750562920  -3.6920723238   !    4.668969   1.00000  41    14   1   2  0.00000
  27  -1.4289744164   2.4750562920  -3.6920723238   !    4.668969   1.00000  42    13   1   2  0.00000
  27   2.8579488329  -0.0000000000  -3.6920723238   !    4.668969   1.00000  43    22   1   2  0.00000
  27   1.4289744164  -2.4750562920  -3.6920723238   !    4.668969   1.00000  44    23   1   2  0.00000
  27  -2.8579488329  -0.0000000000  -3.6920723238   !    4.668969   1.00000  45    18   1   2  0.00000
   8   4.1303076533  -2.3846342354  -0.1278760987   !    4.770983   1.00000  46    54   2   3  0.00000
   8   1.2723588204  -0.7345967075   4.5391348023   !    4.770983   1.00000  47    46   2   3  0.00000
   8  -4.1303076533  -2.3846342354  -0.1278760987   !    4.770983   1.00000  48    53   2   3  0.00000
   8   0.0000000000   1.4691934149   4.5391348023   !    4.770983   1.00000  49    32   2   3  0.00000
   8   0.0000000000   4.7692684709  -0.1278760987   !    4.770983   1.00000  50    56   2   3  0.00000
   8  -1.2723588204  -0.7345967075   4.5391348023   !    4.770983   1.00000  51    37   2   3  0.00000
   8  -4.4435388453   0.7345967075   2.0777532531   !    4.960013   1.00000  52    33   2   3  0.00000
   8  -2.8579488329  -3.1192309429  -2.5892576479   !    4.960013   1.00000  53    36   2   3  0.00000
   8  -4.1303076533  -0.9154408205  -2.5892576479   !    4.960013   1.00000  54    50   2   3  0.00000
   8   2.8579488329  -3.1192309429  -2.5892576479   !    4.960013   1.00000  55    44   2   3  0.00000
   8   4.1303076533  -0.9154408205  -2.5892576479   !    4.960013   1.00000  56    49   2   3  0.00000
   8   4.4435388453   0.7345967075   2.0777532531   !    4.960013   1.00000  57    42   2   3  0.00000
   8   2.8579488329   3.4809191690   2.0777532531   !    4.960013   1.00000  58    44   2   3  0.00000
   8  -2.8579488329   3.4809191690   2.0777532531   !    4.960013   1.00000  59    36   2   3  0.00000
   8  -1.2723588204   4.0346717634  -2.5892576479   !    4.960013   1.00000  60    42   2   3  0.00000
   8   1.2723588204   4.0346717634  -2.5892576479   !    4.960013   1.00000  61    33   2   3  0.00000
   8  -1.5855900125  -4.2155158765   2.0777532531   !    4.960013   1.00000  62    49   2   3  0.00000
   8   1.5855900125  -4.2155158765   2.0777532531   !    4.960013   1.00000  63    50   2   3  0.00000
  27   2.8579488329  -1.6500375280   3.8918203903   !    5.102623   1.00000  64     6   1   1  0.00000
  27   0.0000000000   3.3000750560   3.8918203903   !    5.102623   1.00000  65     2   1   1  0.00000
  27  -2.8579488329  -1.6500375280   3.8918203903   !    5.102623   1.00000  66     4   1   1  0.00000
   8  -1.5855900125   0.9154408205  -4.7948869997   !    5.132550   1.00000  67    54   2   3  0.00000
   8  -4.4435388453   2.5654783485  -0.1278760987   !    5.132550   1.00000  68    46   2   3  0.00000
   8   0.0000000000  -1.8308816410  -4.7948869997   !    5.132550   1.00000  69    56   2   3  0.00000
   8   0.0000000000  -5.1309566970  -0.1278760987   !    5.132550   1.00000  70    32   2   3  0.00000
   8   4.4435388453   2.5654783485  -0.1278760987   !    5.132550   1.00000  71    37   2   3  0.00000
   8   1.5855900125   0.9154408205  -4.7948869997   !    5.132550   1.00000  72    53   2   3  0.00000
  27   0.0000000000  -0.0000000000  -5.4422014116   !    5.442201   1.00000  73     8   1   1  0.00000

 ipr   iapot
   0     1
   1     5
   2     2
   3     1

   ia   ib   Za   Zb   Angle(a,O,b)
    2    3   27   27       96.421
    2    4   27   27       96.421
    2    5   27   27      120.577
    2    6   27    8       48.403
    2    7   27    8       94.687
    2    8   27    8       48.403
    2    9   27    8       94.417
    2   10   27    8       41.597
    2   11   27    8       41.597
    2   12   27    8       94.417
    2   13   27    8      137.638
    2   14   27    8      137.638
    2   15   27    8       85.313
    2   16   27    8      131.597
    2   17   27    8      131.597
    3    4   27   27       96.421
    3    5   27   27      120.577
    3    6   27    8       48.403
    3    7   27    8       48.403
    3    8   27    8       94.687
    3    9   27    8       41.597
    3   10   27    8      137.638
    3   11   27    8       94.417
    3   12   27    8      137.638
    3   13   27    8       94.417
    3   14   27    8       41.597
    3   15   27    8      131.597
    3   16   27    8      131.597
    3   17   27    8       85.313
    4    5   27   27      120.577
    4    6   27    8       94.687
    4    7   27    8       48.403
    4    8   27    8       48.403
    4    9   27    8      137.638
    4   10   27    8       94.417
    4   11   27    8      137.638
    4   12   27    8       41.597
    4   13   27    8       41.597
    4   14   27    8       94.417
    4   15   27    8      131.597
    4   16   27    8       85.313
    4   17   27    8      131.597
    5    6   27    8      144.736
    5    7   27    8      144.736
    5    8   27    8      144.736
    5    9   27    8       87.443
    5   10   27    8       87.443
    5   11   27    8       87.443
    5   12   27    8       87.443
    5   13   27    8       87.443
    5   14   27    8       87.443
    5   15   27    8       35.264
    5   16   27    8       35.264
    5   17   27    8       35.264
    6    7    8    8       60.000
    6    8    8    8       60.000
    6    9    8    8       63.649
    6   10    8    8       90.000
    6   11    8    8       63.649
    6   12    8    8      123.583
    6   13    8    8      123.583
    6   14    8    8       90.000
    6   15    8    8      120.000
    6   16    8    8      180.000
    6   17    8    8      120.000
    7    8    8    8       60.000
    7    9    8    8       90.000
    7   10    8    8      123.583
    7   11    8    8      123.583
    7   12    8    8       90.000
    7   13    8    8       63.649
    7   14    8    8       63.649
    7   15    8    8      180.000
    7   16    8    8      120.000
    7   17    8    8      120.000
    8    9    8    8      123.583
    8   10    8    8       63.649
    8   11    8    8       90.000
    8   12    8    8       63.649
    8   13    8    8       90.000
    8   14    8    8      123.583
    8   15    8    8      120.000
    8   16    8    8      120.000
    8   17    8    8      180.000
    9   10    8    8      119.803
    9   11    8    8       67.166
    9   12    8    8      171.137
    9   13    8    8      119.803
    9   14    8    8       52.702
    9   15    8    8       90.000
    9   16    8    8      116.351
    9   17    8    8       56.417
   10   11    8    8       52.702
   10   12    8    8       67.166
   10   13    8    8      119.803
   10   14    8    8      171.137
   10   15    8    8       56.417
   10   16    8    8       90.000
   10   17    8    8      116.351
   11   12    8    8      119.803
   11   13    8    8      171.137
   11   14    8    8      119.803
   11   15    8    8       56.417
   11   16    8    8      116.351
   11   17    8    8       90.000
   12   13    8    8       52.702
   12   14    8    8      119.803
   12   15    8    8       90.000
   12   16    8    8       56.417
   12   17    8    8      116.351
   13   14    8    8       67.166
   13   15    8    8      116.351
   13   16    8    8       56.417
   13   17    8    8       90.000
   14   15    8    8      116.351
   14   16    8    8       90.000
   14   17    8    8       56.417
   15   16    8    8       60.000
   15   17    8    8       60.000
   16   17    8    8       60.000

 Cluster charge =    0.00000  Vsphere =    0.00000 eV

  Rsort =    2.867 A
  nx =  17
  natome =   6, igrpt =  16, Cluster_comp = T, Cluster_mag = F

  No full atom mode: atomic basis corresponds to the space group

   ia: atom index in the symmetrized cluster
   it: atom type index
   igr: atom index in the unit cell (for periodical system) or in the molecule
   ipr: non equivalent atom index in the unit cell or in the molecule
   iap: atom index in the cluster
   posx posy posz: position in angstroem in the cluster in orthonormal coordinates
   PtGrName: atom ponctual group in the cluster, and igrpt its index in the code
   Comp (complex harmonics) Axe (atom on rotation axis)  Mag (magnetic atom), F (false), T (true)

 Atom rotation matrices :

  Atom :       1                       2                       3                       4
     1.000  0.000  0.000     1.000  0.000  0.000     1.000  0.000  0.000     1.000  0.000  0.000
     0.000  1.000  0.000     0.000  1.000  0.000     0.000  1.000  0.000     0.000  1.000  0.000
     0.000  0.000  1.000     0.000  0.000  1.000     0.000  0.000  1.000     0.000  0.000  1.000

  Atom :       5                       6
     1.000  0.000  0.000     1.000  0.000  0.000
     0.000  1.000  0.000     0.000  1.000  0.000
     0.000  0.000  1.000     0.000  0.000  1.000

 Atom  ia_eq  is_eq
   1       1   1
   2       3   1    2  49    4  50
   3       5   1
   4       7   1    6  49    8  50
   5       9   1   10  49   13  50
   6      14   1   11  49   12  50
