# FDMNES program, Revision 15th of May 2023         
#    Date = 04 08 2023                              
#    Time = 20 h 32 mn 30 s                         
  7709.000   27  1  1  1.2559895E-01 -4.0970656E+00 -2.5418410E-01  1  1  7.5679460E+03  5.3242576E+02  0.0000000E+00  8.2384195E+00  1.6000000E+01  0.0000000E+00  = E_edge, Z, n_edge, j_edge, Abs_before_edge, VO_interstitial, E_cut, ninit, ninit1, Epsii, UnitCell_Volume, Surface_ref, f0_forward, natomsym_f, abs_u_iso
    Energy    <xanes>    
  -30.0000  3.6770940E-04
  -29.9000  3.6626701E-04
  -29.8000  3.6484427E-04
  -29.7000  3.6344131E-04
  -29.6000  3.6205788E-04
  -29.5000  3.6069406E-04
  -29.4000  3.5934991E-04
  -29.3000  3.5802535E-04
  -29.2000  3.5672041E-04
  -29.1000  3.5543511E-04
  -29.0000  3.5416949E-04
  -28.9000  3.5292390E-04
  -28.8000  3.5169805E-04
  -28.7000  3.5049204E-04
  -28.6000  3.4930609E-04
  -28.5000  3.4814014E-04
  -28.4000  3.4699428E-04
  -28.3000  3.4586872E-04
  -28.2000  3.4476356E-04
  -28.1000  3.4367895E-04
  -28.0000  3.4261508E-04
  -27.9000  3.4157213E-04
  -27.8000  3.4055030E-04
  -27.7000  3.3954990E-04
  -27.6000  3.3857115E-04
  -27.5000  3.3761456E-04
  -27.4000  3.3667996E-04
  -27.3000  3.3576778E-04
  -27.2000  3.3487839E-04
  -27.1000  3.3401220E-04
  -27.0000  3.3316947E-04
  -26.9000  3.3235065E-04
  -26.8000  3.3155622E-04
  -26.7000  3.3078668E-04
  -26.6000  3.3004259E-04
  -26.5000  3.2932452E-04
  -26.4000  3.2863304E-04
  -26.3000  3.2796887E-04
  -26.2000  3.2733307E-04
  -26.1000  3.2672577E-04
  -26.0000  3.2614798E-04
  -25.9000  3.2560053E-04
  -25.8000  3.2508440E-04
  -25.7000  3.2460044E-04
  -25.6000  3.2414971E-04
  -25.5000  3.2373351E-04
  -25.4000  3.2335315E-04
  -25.3000  3.2300994E-04
  -25.2000  3.2270533E-04
  -25.1000  3.2244090E-04
  -25.0000  3.2221884E-04
  -24.9000  3.2204034E-04
  -24.8000  3.2190740E-04
  -24.7000  3.2182227E-04
  -24.6000  3.2178727E-04
  -24.5000  3.2180494E-04
  -24.4000  3.2187769E-04
  -24.3000  3.2200830E-04
  -24.2000  3.2220058E-04
  -24.1000  3.2245796E-04
  -24.0000  3.2278427E-04
  -23.9000  3.2318369E-04
  -23.8000  3.2366166E-04
  -23.7000  3.2422196E-04
  -23.6000  3.2487037E-04
  -23.5000  3.2561285E-04
  -23.4000  3.2645628E-04
  -23.3000  3.2740800E-04
  -23.2000  3.2847594E-04
  -23.1000  3.2966769E-04
  -23.0000  3.3099490E-04
  -22.9000  3.3246855E-04
  -22.8000  3.3410092E-04
  -22.7000  3.3590657E-04
  -22.6000  3.3790017E-04
  -22.5000  3.4009872E-04
  -22.4000  3.4252185E-04
  -22.3000  3.4519146E-04
  -22.2000  3.4813255E-04
  -22.1000  3.5137299E-04
  -22.0000  3.5494455E-04
  -21.9000  3.5888159E-04
  -21.8000  3.6322954E-04
  -21.7000  3.6803686E-04
  -21.6000  3.7336082E-04
  -21.5000  3.7926459E-04
  -21.4000  3.8582474E-04
  -21.3000  3.9313067E-04
  -21.2000  4.0128784E-04
  -21.1000  4.1042028E-04
  -21.0000  4.2067703E-04
  -20.9000  4.3223674E-04
  -20.8000  4.4531153E-04
  -20.7000  4.6016468E-04
  -20.6000  4.7712626E-04
  -20.5000  4.9659622E-04
  -20.4000  5.1907635E-04
  -20.3000  5.4520283E-04
  -20.2000  5.7579044E-04
  -20.1000  6.1189678E-04
  -20.0000  6.5490666E-04
  -19.9000  7.0668869E-04
  -19.8000  7.6978664E-04
  -19.7000  8.4770767E-04
  -19.6000  9.4552264E-04
  -19.5000  1.0706603E-03
  -19.4000  1.2344067E-03
  -19.3000  1.4546482E-03
  -19.2000  1.7611594E-03
  -19.1000  2.2068545E-03
  -19.0000  2.9062619E-03
  -18.9000  4.0387094E-03
  -18.8000  6.2011709E-03
  -18.7000  1.1231372E-02
  -18.6000  2.9478046E-02
  -18.5000  3.9064521E-01
  -18.4000  1.1640863E-01
  -18.3000  3.0657934E-01
  -18.2000  2.2428977E-01
  -18.1000  3.0752392E-02
  -18.0000  1.2246151E-02
  -17.9000  6.7431158E-03
  -17.8000  4.3511081E-03
  -17.7000  3.0876754E-03
  -17.6000  2.3357644E-03
  -17.5000  1.8507972E-03
  -17.4000  1.5191791E-03
  -17.3000  1.2821468E-03
  -17.2000  1.1067139E-03
  -17.1000  9.7320667E-04
  -17.0000  8.6917737E-04
  -16.9000  7.8660313E-04
  -16.8000  7.1986795E-04
  -16.7000  6.6519734E-04
  -16.6000  6.1985083E-04
  -16.5000  5.8183030E-04
  -16.4000  5.4964671E-04
  -16.3000  5.2217722E-04
  -16.2000  4.9855875E-04
  -16.1000  4.7812369E-04
  -16.0000  4.6030991E-04
  -15.9000  4.4471537E-04
  -15.8000  4.3099587E-04
  -15.7000  4.1887533E-04
  -15.6000  4.0812466E-04
  -15.5000  3.9855951E-04
  -15.4000  3.9003242E-04
  -15.3000  3.8239920E-04
  -15.2000  3.7554802E-04
  -15.1000  3.6939934E-04
  -15.0000  3.6387152E-04
  -14.9000  3.5889611E-04
  -14.8000  3.5441525E-04
  -14.7000  3.5038618E-04
  -14.6000  3.4675703E-04
  -14.5000  3.4348934E-04
  -14.4000  3.4055530E-04
  -14.3000  3.3793044E-04
  -14.2000  3.3558738E-04
  -14.1000  3.3350463E-04
  -14.0000  3.3166800E-04
  -13.9000  3.3005420E-04
  -13.8000  3.2864698E-04
  -13.7000  3.2744004E-04
  -13.6000  3.2642346E-04
  -13.5000  3.2558533E-04
  -13.4000  3.2491873E-04
  -13.3000  3.2441460E-04
  -13.2000  3.2406454E-04
  -13.1000  3.2386626E-04
  -13.0000  3.2381870E-04
  -12.9000  3.2391664E-04
  -12.8000  3.2415542E-04
  -12.7000  3.2453440E-04
  -12.6000  3.2504802E-04
  -12.5000  3.2570081E-04
  -12.4000  3.2649378E-04
  -12.3000  3.2742370E-04
  -12.2000  3.2849376E-04
  -12.1000  3.2970171E-04
  -12.0000  3.3105312E-04
  -11.9000  3.3255189E-04
  -11.8000  3.3419830E-04
  -11.7000  3.3600043E-04
  -11.6000  3.3795685E-04
  -11.5000  3.4007880E-04
  -11.4000  3.4236778E-04
  -11.3000  3.4483330E-04
  -11.2000  3.4748225E-04
  -11.1000  3.5032489E-04
  -11.0000  3.5337038E-04
  -10.9000  3.5661796E-04
  -10.8000  3.6009351E-04
  -10.7000  3.6380885E-04
  -10.6000  3.6777123E-04
  -10.5000  3.7198848E-04
  -10.4000  3.7650062E-04
  -10.3000  3.8131793E-04
  -10.2000  3.8643458E-04
  -10.1000  3.9191083E-04
  -10.0000  3.9776767E-04
  -9.90000  4.0401087E-04
  -9.80000  4.1069448E-04
  -9.70000  4.1785298E-04
  -9.60000  4.2550467E-04
  -9.50000  4.3372109E-04
  -9.40000  4.4252514E-04
  -9.30000  4.5199393E-04
  -9.20000  4.6216309E-04
  -9.10000  4.7312345E-04
  -9.00000  4.8495138E-04
  -8.90000  4.9772147E-04
  -8.80000  5.1155618E-04
  -8.70000  5.2656206E-04
  -8.60000  5.4287861E-04
  -8.50000  5.6067458E-04
  -8.40000  5.8013099E-04
  -8.30000  6.0146214E-04
  -8.20000  6.2491307E-04
  -8.10000  6.5077497E-04
  -8.00000  6.7939841E-04
  -7.90000  7.1120998E-04
  -7.80000  7.4666915E-04
  -7.70000  7.8636244E-04
  -7.60000  8.3100821E-04
  -7.50000  8.8148616E-04
  -7.40000  9.3889144E-04
  -7.30000  1.0045826E-03
  -7.20000  1.0802835E-03
  -7.10000  1.1682008E-03
  -7.00000  1.2711927E-03
  -6.90000  1.3930346E-03
  -6.80000  1.5387715E-03
  -6.70000  1.7153362E-03
  -6.60000  1.9324168E-03
  -6.50000  2.2039952E-03
  -6.40000  2.5509742E-03
  -6.30000  3.0062180E-03
  -6.20000  3.6263306E-03
  -6.10000  4.5335246E-03
  -6.00000  6.5040162E-03
  -5.90000  9.0255546E-03
  -5.80000  1.2078413E-02
  -5.70000  2.1540687E-02
  -5.60000  3.7178146E-02
  -5.50000  5.3787569E-02
  -5.40000  1.7549751E-01
  -5.30000  5.3263470E+00
  -5.20000  3.9350889E-01
  -5.10000  7.9220213E-02
  -5.00000  3.3669156E-02
  -4.90000  1.9154540E-02
  -4.80000  1.2918153E-02
  -4.70000  9.8854689E-03
  -4.60000  8.4805652E-03
  -4.50000  8.2344944E-03
  -4.40000  9.4164724E-03
  -4.30000  1.4907503E-02
  -4.20000  4.5532805E-02
  -4.10000  3.4673100E-01
  -4.00000  8.7050950E-02
  -3.90000  3.2456727E-02
  -3.80000  5.9498668E-02
  -3.70000  2.4218619E-01
  -3.60000  5.0574703E-01
  -3.50000  2.0395792E-01
  -3.40000  1.3647138E-01
  -3.30000  1.0518635E-01
  -3.20000  8.6417088E-02
  -3.10000  7.3600013E-02
  -3.00000  6.4170484E-02
  -2.90000  5.6922056E-02
  -2.80000  5.1233053E-02
  -2.70000  4.6802677E-02
  -2.60000  4.3595797E-02
  -2.50000  4.2021000E-02
  -2.40000  4.3931896E-02
  -2.30000  5.9746172E-02
  -2.20000  2.0244546E-01
  -2.10000  1.5172052E-01
  -2.00000  9.5206314E-02
  -1.90000  4.0224618E-02
  -1.80000  2.9881571E-02
  -1.70000  2.5526441E-02
  -1.60000  2.2977830E-02
  -1.50000  2.1227745E-02
  -1.40000  1.9997614E-02
  -1.30000  1.9922285E-02
  -1.20000  2.2584564E-02
  -1.10000  2.9690613E-02
  -1.00000  8.2412166E-02
  -0.90000  2.9065830E-02
  -0.80000  3.1616495E-02
  -0.70000  3.7733804E-02
  -0.60000  4.6757017E-02
  -0.50000  6.4100511E-02
  -0.40000  1.7412650E-01
  -0.30000  1.2780464E-01
  -0.20000  1.1236926E-01
  -0.10000  1.6227750E-01
  -0.00000  2.7037998E-01
   0.10000  1.8254405E-01
   0.20000  1.0238729E-01
   0.30000  6.8091234E-02
   0.40000  5.2460974E-02
   0.50000  4.7532953E-02
   0.60000  5.3373688E-02
   0.70000  6.1955909E-02
   0.80000  4.6244190E-02
   0.90000  3.3570098E-02
   1.00000  2.7698269E-02
   1.10000  2.4669205E-02
   1.20000  2.2895067E-02
   1.30000  2.0858687E-02
   1.40000  2.0290504E-02
   1.50000  1.9916843E-02
   1.60000  1.9675719E-02
   1.70000  1.9529288E-02
   1.80000  1.9453030E-02
   1.90000  1.9721871E-02
   2.00000  1.9737674E-02
   2.10000  1.9785995E-02
   2.20000  1.9860670E-02
   2.30000  1.9957076E-02
   2.40000  2.0071555E-02
   2.50000  2.0201275E-02
   2.60000  2.0344047E-02
   2.70000  2.0498042E-02
   2.80000  2.0661817E-02
   2.90000  2.0834276E-02
   3.00000  2.1014505E-02
   3.10000  2.1201766E-02
   3.20000  2.1395556E-02
   3.30000  2.1595443E-02
   3.40000  2.1801135E-02
   3.50000  2.2008595E-02
   3.60000  2.2221480E-02
   3.70000  2.2440066E-02
   3.80000  2.2664405E-02
   3.90000  2.2894667E-02
   4.00000  2.3131082E-02
   4.10000  2.3373925E-02
   4.20000  2.3623571E-02
   4.30000  2.3880514E-02
   4.40000  2.4144940E-02
   4.50000  2.4417299E-02
   4.60000  2.4698144E-02
   4.70000  2.4988084E-02
   4.80000  2.5287785E-02
   4.90000  2.5597970E-02
   5.00000  2.5919423E-02
   5.10000  2.6253041E-02
   5.20000  2.6599791E-02
   5.30000  2.6960576E-02
   5.40000  2.7336454E-02
   5.50000  2.7728534E-02
   5.60000  2.8137997E-02
   5.70000  2.8566094E-02
   5.80000  2.9014166E-02
   5.90000  2.9483635E-02
   6.00000  2.9975996E-02
   6.10000  3.0492855E-02
   6.20000  3.1035974E-02
   6.30000  3.1607128E-02
   6.40000  3.2208269E-02
   6.50000  3.2841433E-02
   6.60000  3.3508816E-02
   6.70000  3.4212700E-02
   6.80000  3.4955545E-02
   6.90000  3.5739947E-02
   7.00000  3.6568693E-02
   7.10000  3.7444701E-02
   7.20000  3.8371069E-02
   7.30000  3.9351150E-02
   7.40000  4.0388412E-02
   7.50000  4.1486601E-02
   7.60000  4.2649249E-02
   7.70000  4.3880439E-02
   7.80000  4.5185079E-02
   7.90000  4.6567893E-02
   8.00000  4.8033903E-02
   8.10000  4.9588483E-02
   8.20000  5.1237337E-02
   8.30000  5.2986415E-02
   8.40000  5.4842130E-02
   8.50000  5.6811238E-02
   8.60000  5.8900934E-02
   8.70000  6.1118793E-02
   8.80000  6.3472990E-02
   8.90000  6.5971997E-02
   9.00000  6.8624994E-02
   9.10000  7.1441574E-02
   9.20000  7.4431975E-02
   9.30000  7.7607106E-02
   9.40000  8.0978405E-02
   9.50000  8.4558152E-02
   9.60000  8.8359303E-02
   9.70000  9.2395493E-02
   9.80000  9.6681323E-02
   9.90000  1.0123215E-01
   10.0000  1.0606419E-01
   10.1000  1.1119459E-01
   10.2000  1.1664158E-01
   10.3000  1.2242422E-01
   10.4000  1.2856254E-01
   10.5000  1.3507758E-01
   10.6000  1.4199145E-01
   10.7000  1.4932701E-01
   10.8000  1.5710805E-01
   10.9000  1.6535920E-01
   11.0000  1.7410639E-01
   11.1000  1.8337501E-01
   11.2000  1.9319132E-01
   11.3000  2.0358177E-01
   11.4000  2.1457295E-01
   11.5000  2.2619061E-01
   11.6000  2.3845985E-01
   11.7000  2.5479114E-01
   11.8000  2.6861142E-01
   11.9000  2.8315507E-01
   12.0000  2.9843874E-01
   12.1000  3.1447556E-01
   12.2000  3.3127434E-01
   12.3000  3.4883889E-01
   12.4000  3.6716669E-01
   12.5000  3.8624866E-01
   12.6000  4.0606834E-01
   12.7000  4.2664183E-01
   12.8000  4.4790624E-01
   12.9000  4.6980520E-01
   13.0000  4.9228678E-01
   13.1000  5.1529048E-01
   13.2000  5.3874823E-01
   13.3000  5.6258450E-01
   13.4000  5.8671789E-01
   13.5000  6.1346231E-01
   13.6000  6.3810058E-01
   13.7000  6.6278099E-01
   13.8000  6.8741924E-01
   13.9000  7.1193766E-01
   14.0000  7.3626756E-01
   14.1000  7.6035478E-01
   14.2000  7.8418250E-01
   14.3000  8.0771651E-01
   14.4000  8.3094074E-01
   14.5000  8.5386075E-01
   14.6000  8.7651427E-01
   14.7000  8.9893965E-01
   14.8000  9.2120950E-01
   14.9000  9.4340142E-01
   15.0000  9.6561055E-01
   15.1000  9.8792198E-01
   15.2000  1.0104345E+00
   15.3000  1.0332196E+00
   15.4000  1.0563332E+00
   15.5000  1.0798044E+00
   15.6000  1.1036046E+00
   15.7000  1.1276242E+00
   15.8000  1.1516884E+00
   15.9000  1.1755218E+00
   16.0000  1.1987489E+00
   16.1000  1.2208936E+00
   16.2000  1.2413927E+00
   16.3000  1.2596078E+00
   16.4000  1.2748823E+00
   16.5000  1.2865869E+00
   16.6000  1.2941769E+00
   16.7000  1.2972293E+00
   16.8000  1.2955073E+00
   16.9000  1.2889789E+00
   17.0000  1.2778158E+00
   17.1000  1.2623764E+00
   17.2000  1.2431662E+00
   17.3000  1.2207841E+00
   17.4000  1.1958706E+00
   17.5000  1.1690768E+00
   17.6000  1.1410135E+00
   17.7000  1.1122297E+00
   17.8000  1.0831964E+00
   17.9000  1.0543037E+00
   18.0000  1.0258682E+00
   18.1000  9.9813106E-01
   18.2000  9.7126903E-01
   18.3000  9.4540411E-01
   18.4000  9.2061200E-01
   18.5000  8.9693990E-01
   18.6000  8.7440322E-01
   18.7000  8.5294406E-01
   18.8000  8.3259386E-01
   18.9000  8.1333133E-01
   19.0000  7.9511499E-01
   19.1000  7.7789749E-01
   19.2000  7.6163415E-01
   19.3000  7.4627594E-01
   19.4000  7.3177410E-01
   19.5000  7.1808062E-01
   19.6000  7.0514906E-01
   19.7000  6.9293424E-01
   19.8000  6.8139322E-01
   19.9000  6.7048760E-01
   20.0000  6.6017954E-01
   20.1000  6.5043347E-01
   20.2000  6.4121606E-01
   20.3000  6.3249610E-01
   20.4000  6.2424432E-01
   20.5000  6.1643243E-01
   20.6000  6.0903653E-01
   20.7000  6.0203317E-01
   20.8000  5.9540053E-01
   20.9000  5.8911816E-01
   21.0000  5.8316706E-01
   21.1000  5.7752954E-01
   21.2000  5.7218851E-01
   21.3000  5.6712889E-01
   21.4000  5.6233686E-01
   21.5000  5.5779910E-01
   21.6000  5.5350305E-01
   21.7000  5.4943715E-01
   21.8000  5.4559064E-01
   21.9000  5.4195355E-01
   22.0000  5.3851636E-01
   22.1000  5.3527015E-01
   22.2000  5.3220693E-01
   22.3000  5.2931898E-01
   22.4000  5.2659905E-01
   22.5000  5.2404035E-01
   22.6000  5.2163650E-01
   22.7000  5.1938152E-01
   22.8000  5.1726956E-01
   22.9000  5.1529508E-01
   23.0000  5.1345354E-01
   23.1000  5.1174022E-01
   23.2000  5.1015063E-01
   23.3000  5.0868090E-01
   23.4000  5.0732681E-01
   23.5000  5.0608439E-01
   23.6000  5.0494876E-01
   23.7000  5.0391012E-01
   23.8000  5.0296910E-01
   23.9000  5.0212251E-01
   24.0000  5.0136998E-01
   24.1000  5.0070479E-01
   24.2000  5.0012814E-01
   24.3000  4.9963671E-01
   24.4000  4.9922939E-01
   24.5000  4.9890385E-01
   24.6000  4.9865751E-01
   24.7000  4.9848663E-01
   24.8000  4.9839087E-01
   24.9000  4.9836730E-01
   25.0000  4.9841334E-01
   25.1000  4.9852548E-01
   25.2000  4.9870215E-01
   25.3000  4.9894102E-01
   25.4000  4.9923945E-01
   25.5000  4.9959494E-01
   25.6000  5.0000873E-01
   25.7000  5.0047544E-01
   25.8000  5.0099134E-01
   25.9000  5.0155381E-01
   26.0000  5.0216012E-01
   26.1000  5.0280741E-01
   26.2000  5.0349279E-01
   26.3000  5.0421284E-01
   26.4000  5.0496560E-01
   26.5000  5.0574772E-01
   26.6000  5.0655594E-01
   26.7000  5.0738705E-01
   26.8000  5.0823778E-01
   26.9000  5.0880815E-01
   27.0000  5.0968849E-01
   27.1000  5.1057781E-01
   27.2000  5.1147305E-01
   27.3000  5.1237058E-01
   27.4000  5.1326682E-01
   27.5000  5.1415824E-01
   27.6000  5.1504124E-01
   27.7000  5.1591242E-01
   27.8000  5.1676789E-01
   27.9000  5.1760384E-01
   28.0000  5.1841681E-01
   28.1000  5.1920323E-01
   28.2000  5.1996013E-01
   28.3000  5.2068335E-01
   28.4000  5.2136947E-01
   28.5000  5.2201521E-01
   28.6000  5.2261707E-01
   28.7000  5.2317172E-01
   28.8000  5.2367600E-01
   28.9000  5.2412674E-01
   29.0000  5.2452087E-01
   29.1000  5.2485562E-01
   29.2000  5.2512822E-01
   29.3000  5.2533602E-01
   29.4000  5.2547653E-01
   29.5000  5.2554737E-01
   29.6000  5.2554629E-01
   29.7000  5.2547117E-01
   29.8000  5.2532004E-01
   29.9000  5.2509120E-01
   30.0000  5.2478288E-01
   30.1000  5.2439377E-01
   30.2000  5.2392262E-01
   30.3000  5.2336810E-01
   30.4000  5.2272923E-01
   30.5000  5.2200513E-01
   30.6000  5.2119501E-01
   30.7000  5.2029855E-01
   30.8000  5.1931549E-01
   30.9000  5.1824572E-01
   31.0000  5.1708934E-01
   31.1000  5.1584666E-01
   31.2000  5.1451800E-01
   31.3000  5.1310366E-01
   31.4000  5.1160439E-01
   31.5000  5.1002131E-01
   31.6000  5.0835533E-01
   31.7000  5.0660726E-01
   31.8000  5.0477892E-01
   31.9000  5.0287178E-01
   32.0000  5.0088757E-01
   32.1000  4.9882811E-01
   32.2000  4.9669551E-01
   32.3000  4.9449182E-01
   32.4000  4.9221894E-01
   32.5000  4.8987898E-01
   32.6000  4.8747438E-01
   32.7000  4.8500742E-01
   32.8000  4.8247968E-01
   32.9000  4.7989417E-01
   33.0000  4.7725375E-01
   33.1000  4.7456126E-01
   33.2000  4.7181941E-01
   33.3000  4.6903088E-01
   33.4000  4.6618017E-01
   33.5000  4.6325365E-01
   33.6000  4.6028743E-01
   33.7000  4.5728419E-01
   33.8000  4.5424660E-01
   33.9000  4.5117723E-01
   34.0000  4.4807848E-01
   34.1000  4.4495203E-01
   34.2000  4.4180187E-01
   34.3000  4.3863488E-01
   34.4000  4.3545341E-01
   34.5000  4.3225759E-01
   34.6000  4.2905130E-01
   34.7000  4.2583511E-01
   34.8000  4.2260908E-01
   34.9000  4.1937745E-01
   35.0000  4.1614242E-01
   35.1000  4.1290364E-01
   35.2000  4.0966314E-01
   35.3000  4.0642228E-01
   35.4000  4.0318399E-01
   35.5000  3.9994999E-01
   35.6000  3.9672322E-01
   35.7000  3.9350379E-01
   35.8000  3.9029281E-01
   35.9000  3.8709258E-01
   36.0000  3.8390527E-01
   36.1000  3.8073027E-01
   36.2000  3.7756892E-01
   36.3000  3.7442345E-01
   36.4000  3.7129507E-01
   36.5000  3.6818362E-01
   36.6000  3.6509153E-01
   36.7000  3.6201884E-01
   36.8000  3.5896568E-01
   36.9000  3.5593366E-01
   37.0000  3.5292392E-01
   37.1000  3.4993786E-01
   37.2000  3.4697726E-01
   37.3000  3.4404143E-01
   37.4000  3.4113223E-01
   37.5000  3.3825065E-01
   37.6000  3.3539648E-01
   37.7000  3.3257051E-01
   37.8000  3.2977360E-01
   37.9000  3.2700683E-01
   38.0000  3.2427183E-01
   38.1000  3.2156936E-01
   38.2000  3.1889893E-01
   38.3000  3.1626251E-01
   38.4000  3.1366311E-01
   38.5000  3.1109991E-01
   38.6000  3.0857382E-01
   38.7000  3.0608597E-01
   38.8000  3.0363753E-01
   38.9000  3.0122961E-01
   39.0000  2.9886427E-01
   39.1000  2.9654284E-01
   39.2000  2.9426564E-01
   39.3000  2.9203395E-01
   39.4000  2.8984917E-01
   39.5000  2.8771433E-01
   39.6000  2.8562825E-01
   39.7000  2.8359257E-01
   39.8000  2.8160904E-01
   39.9000  2.7967891E-01
   40.0000  2.7780374E-01
   40.1000  2.7598602E-01
   40.2000  2.7422612E-01
   40.3000  2.7252504E-01
   40.4000  2.7088426E-01
   40.5000  2.6930511E-01
   40.6000  2.6778888E-01
   40.7000  2.6633734E-01
   40.8000  2.6495211E-01
   40.9000  2.6363337E-01
   41.0000  2.6238224E-01
   41.1000  2.6119973E-01
   41.2000  2.6008618E-01
   41.3000  2.5904330E-01
   41.4000  2.5807189E-01
   41.5000  2.5717276E-01
   41.6000  2.5634772E-01
   41.7000  2.5559633E-01
   41.8000  2.5491901E-01
   41.9000  2.5431619E-01
   42.0000  2.5378804E-01
   42.1000  2.5333477E-01
   42.2000  2.5288947E-01
   42.3000  2.5250225E-01
   42.4000  2.5219291E-01
   42.5000  2.5196143E-01
   42.6000  2.5180783E-01
   42.7000  2.5173151E-01
   42.8000  2.5173186E-01
   42.9000  2.5180842E-01
   43.0000  2.5196044E-01
   43.1000  2.5218691E-01
   43.2000  2.5248673E-01
   43.3000  2.5285868E-01
   43.4000  2.5330144E-01
   43.5000  2.5381339E-01
   43.6000  2.5439298E-01
   43.7000  2.5503855E-01
   43.8000  2.5574898E-01
   43.9000  2.5652157E-01
   44.0000  2.5735415E-01
   44.1000  2.5824449E-01
   44.2000  2.5919013E-01
   44.3000  2.6018859E-01
   44.4000  2.6123752E-01
   44.5000  2.6233439E-01
   44.6000  2.6347548E-01
   44.7000  2.6465860E-01
   44.8000  2.6588087E-01
   44.9000  2.6713937E-01
   45.0000  2.6843113E-01
   45.1000  2.6975326E-01
   45.2000  2.7110310E-01
   45.3000  2.7247737E-01
   45.4000  2.7387289E-01
   45.5000  2.7528663E-01
   45.6000  2.7671489E-01
   45.7000  2.7815438E-01
   45.8000  2.7960327E-01
   45.9000  2.8105874E-01
   46.0000  2.8251803E-01
   46.1000  2.8397862E-01
   46.2000  2.8543772E-01
   46.3000  2.8689415E-01
   46.4000  2.8834538E-01
   46.5000  2.8978812E-01
   46.6000  2.9122024E-01
   46.7000  2.9264066E-01
   46.8000  2.9404613E-01
   46.9000  2.9543490E-01
   47.0000  2.9680574E-01
   47.1000  2.9815811E-01
   47.2000  2.9948929E-01
   47.3000  3.0079776E-01
   47.4000  3.0208189E-01
   47.5000  3.0334185E-01
   47.6000  3.0457756E-01
   47.7000  3.0578754E-01
   47.8000  3.0697108E-01
   47.9000  3.0812782E-01
   48.0000  3.0925742E-01
   48.1000  3.1036184E-01
   48.2000  3.1144041E-01
   48.3000  3.1249422E-01
   48.4000  3.1352114E-01
   48.5000  3.1452229E-01
   48.6000  3.1549784E-01
   48.7000  3.1644859E-01
   48.8000  3.1737378E-01
   48.9000  3.1827439E-01
   49.0000  3.1915074E-01
   49.1000  3.2000415E-01
   49.2000  3.2083746E-01
   49.3000  3.2164866E-01
   49.4000  3.2243837E-01
   49.5000  3.2320758E-01
   49.6000  3.2395730E-01
   49.7000  3.2468874E-01
   49.8000  3.2540279E-01
   49.9000  3.2610100E-01
   50.0000  3.2678396E-01
   50.1000  3.2745269E-01
   50.2000  3.2810957E-01
   50.3000  3.2875465E-01
   50.4000  3.2938881E-01
   50.5000  3.3001315E-01
   50.6000  3.3062870E-01
   50.7000  3.3123805E-01
   50.8000  3.3184129E-01
   50.9000  3.3243928E-01
   51.0000  3.3303316E-01
   51.1000  3.3362480E-01
   51.2000  3.3421463E-01
   51.3000  3.3480346E-01
   51.4000  3.3539353E-01
   51.5000  3.3598583E-01
   51.6000  3.3658055E-01
   51.7000  3.3717866E-01
   51.8000  3.3778145E-01
   51.9000  3.3839681E-01
   52.0000  3.3901845E-01
   52.1000  3.3964713E-01
   52.2000  3.4028361E-01
   52.3000  3.4092807E-01
   52.4000  3.4158197E-01
   52.5000  3.4224610E-01
   52.6000  3.4292104E-01
   52.7000  3.4360729E-01
   52.8000  3.4430648E-01
   52.9000  3.4501896E-01
   53.0000  3.4574618E-01
   53.1000  3.4648739E-01
   53.2000  3.4724299E-01
   53.3000  3.4801330E-01
   53.4000  3.4879885E-01
   53.5000  3.4960029E-01
   53.6000  3.5041811E-01
   53.7000  3.5125213E-01
   53.8000  3.5210242E-01
   53.9000  3.5296979E-01
   54.0000  3.5385505E-01
   54.1000  3.5475816E-01
   54.2000  3.5567901E-01
   54.3000  3.5661776E-01
   54.4000  3.5757630E-01
   54.5000  3.5855458E-01
   54.6000  3.5955106E-01
   54.7000  3.6056578E-01
   54.8000  3.6159878E-01
   54.9000  3.6265005E-01
   55.0000  3.6371917E-01
   55.1000  3.6480545E-01
   55.2000  3.6590972E-01
   55.3000  3.6703162E-01
   55.4000  3.6817145E-01
   55.5000  3.6932937E-01
   55.6000  3.7050514E-01
   55.7000  3.7169840E-01
   55.8000  3.7290879E-01
   55.9000  3.7413564E-01
   56.0000  3.7537930E-01
   56.1000  3.7664049E-01
   56.2000  3.7791830E-01
   56.3000  3.7921292E-01
   56.4000  3.8052341E-01
   56.5000  3.8184949E-01
   56.6000  3.8319091E-01
   56.7000  3.8454749E-01
   56.8000  3.8591896E-01
   56.9000  3.8730491E-01
   57.0000  3.8870494E-01
   57.1000  3.9011857E-01
   57.2000  3.9154495E-01
   57.3000  3.9298442E-01
   57.4000  3.9443671E-01
   57.5000  3.9590184E-01
   57.6000  3.9737928E-01
   57.7000  3.9886851E-01
   57.8000  4.0036922E-01
   57.9000  4.0188107E-01
   58.0000  4.0340357E-01
   58.1000  4.0493509E-01
   58.2000  4.0647680E-01
   58.3000  4.0802890E-01
   58.4000  4.0959133E-01
   58.5000  4.1116300E-01
   58.6000  4.1274363E-01
   58.7000  4.1433301E-01
   58.8000  4.1593081E-01
   58.9000  4.1753672E-01
   59.0000  4.1915060E-01
   59.1000  4.2077206E-01
   59.2000  4.2240020E-01
   59.3000  4.2403516E-01
   59.4000  4.2567712E-01
   59.5000  4.2732591E-01
   59.6000  4.2898140E-01
   59.7000  4.3064355E-01
   59.8000  4.3231133E-01
   59.9000  4.3398515E-01
   60.0000  4.3566534E-01
   60.1000  4.3735089E-01
   60.2000  4.3904164E-01
   60.3000  4.4073789E-01
   60.4000  4.4243827E-01
   60.5000  4.4414329E-01
   60.6000  4.4585301E-01
   60.7000  4.4756741E-01
   60.8000  4.4928601E-01
   60.9000  4.5100936E-01
   61.0000  4.5273717E-01
   61.1000  4.5446882E-01
   61.2000  4.5620420E-01
   61.3000  4.5794163E-01
   61.4000  4.5968075E-01
   61.5000  4.6142323E-01
   61.6000  4.6316933E-01
   61.7000  4.6491972E-01
   61.8000  4.6667372E-01
   61.9000  4.6843196E-01
   62.0000  4.7019316E-01
   62.1000  4.7195674E-01
   62.2000  4.7372326E-01
   62.3000  4.7549262E-01
   62.4000  4.7726431E-01
   62.5000  4.7904118E-01
   62.6000  4.8082071E-01
   62.7000  4.8260347E-01
   62.8000  4.8438830E-01
   62.9000  4.8617553E-01
   63.0000  4.8796493E-01
   63.1000  4.8975670E-01
   63.2000  4.9155101E-01
   63.3000  4.9334739E-01
   63.4000  4.9514609E-01
   63.5000  4.9694708E-01
   63.6000  4.9875037E-01
   63.7000  5.0055465E-01
   63.8000  5.0236078E-01
   63.9000  5.0416982E-01
   64.0000  5.0598141E-01
   64.1000  5.0779528E-01
   64.2000  5.0961141E-01
   64.3000  5.1142929E-01
   64.4000  5.1324884E-01
   64.5000  5.1506994E-01
   64.6000  5.1689226E-01
   64.7000  5.1871517E-01
   64.8000  5.2053924E-01
   64.9000  5.2236201E-01
   65.0000  5.2418554E-01
   65.1000  5.2600966E-01
   65.2000  5.2783296E-01
   65.3000  5.2965628E-01
   65.4000  5.3148088E-01
   65.5000  5.3330541E-01
   65.6000  5.3512963E-01
   65.7000  5.3695326E-01
   65.8000  5.3877615E-01
   65.9000  5.4059750E-01
   66.0000  5.4241763E-01
   66.1000  5.4423707E-01
   66.2000  5.4605347E-01
   66.3000  5.4786702E-01
   66.4000  5.4967767E-01
   66.5000  5.5148501E-01
   66.6000  5.5328859E-01
   66.7000  5.5508794E-01
   66.8000  5.5688257E-01
   66.9000  5.5867119E-01
   67.0000  5.6045433E-01
   67.1000  5.6223182E-01
   67.2000  5.6400231E-01
   67.3000  5.6576483E-01
   67.4000  5.6751874E-01
   67.5000  5.6926368E-01
   67.6000  5.7099891E-01
   67.7000  5.7272377E-01
   67.8000  5.7443603E-01
   67.9000  5.7613624E-01
   68.0000  5.7782378E-01
   68.1000  5.7949659E-01
   68.2000  5.8115453E-01
   68.3000  5.8279691E-01
   68.4000  5.8442287E-01
   68.5000  5.8603213E-01
   68.6000  5.8762289E-01
   68.7000  5.8919336E-01
   68.8000  5.9074091E-01
   68.9000  5.9226728E-01
   69.0000  5.9377174E-01
   69.1000  5.9525207E-01
   69.2000  5.9670799E-01
   69.3000  5.9813817E-01
   69.4000  5.9954113E-01
   69.5000  6.0091566E-01
   69.6000  6.0226056E-01
   69.7000  6.0357462E-01
   69.8000  6.0485663E-01
   69.9000  6.0610537E-01
   70.0000  6.0731962E-01
   71.0000  6.1729575E-01
   72.0000  6.2259510E-01
   73.0000  6.2251828E-01
   74.0000  6.1702463E-01
   75.0000  6.0678370E-01
   76.0000  5.9296639E-01
   77.0000  5.7693065E-01
   78.0000  5.5990649E-01
   79.0000  5.4288371E-01
   80.0000  5.2656406E-01
   81.0000  5.1136720E-01
   82.0000  4.9754158E-01
   83.0000  4.8523336E-01
   84.0000  4.7455314E-01
   85.0000  4.6555961E-01
   86.0000  4.5831600E-01
   87.0000  4.5281822E-01
   88.0000  4.4901903E-01
   89.0000  4.4679981E-01
   90.0000  4.4594052E-01
   91.0000  4.4615689E-01
   92.0000  4.4708498E-01
   93.0000  4.4829937E-01
   94.0000  4.4938039E-01
   95.0000  4.4996240E-01
   96.0000  4.4975780E-01
   97.0000  4.4861514E-01
   98.0000  4.4657688E-01
   99.0000  4.4382329E-01
   100.000  4.4064010E-01
