# FDMNES program, Revision 15th of May 2023         
#    Date = 04 08 2023                              
#    Time = 20 h 52 mn 39 s                         
  7709.000   27  1  1  1.1932885E-01 -5.6827987E+00 -2.4160892E-01  1  1  7.5680485E+03  5.0874293E+02  0.0000000E+00  8.1247978E+00  8.0000000E+00  6.3325740E-03  = E_edge, Z, n_edge, j_edge, Abs_before_edge, VO_interstitial, E_cut, ninit, ninit1, Epsii, UnitCell_Volume, Surface_ref, f0_forward, natomsym_f, abs_u_iso
    Energy    <xanes>    
  -30.0000  1.8290892E-04
  -29.9000  1.8219518E-04
  -29.8000  1.8149122E-04
  -29.7000  1.8079710E-04
  -29.6000  1.8011277E-04
  -29.5000  1.7943820E-04
  -29.4000  1.7877340E-04
  -29.3000  1.7811836E-04
  -29.2000  1.7747309E-04
  -29.1000  1.7683762E-04
  -29.0000  1.7621204E-04
  -28.9000  1.7559634E-04
  -28.8000  1.7499050E-04
  -28.7000  1.7439456E-04
  -28.6000  1.7380863E-04
  -28.5000  1.7323267E-04
  -28.4000  1.7266672E-04
  -28.3000  1.7211089E-04
  -28.2000  1.7156524E-04
  -28.1000  1.7102984E-04
  -28.0000  1.7050479E-04
  -27.9000  1.6999017E-04
  -27.8000  1.6948609E-04
  -27.7000  1.6899270E-04
  -27.6000  1.6851026E-04
  -27.5000  1.6803865E-04
  -27.4000  1.6757806E-04
  -27.3000  1.6712865E-04
  -27.2000  1.6669062E-04
  -27.1000  1.6626413E-04
  -27.0000  1.6584933E-04
  -26.9000  1.6544640E-04
  -26.8000  1.6505565E-04
  -26.7000  1.6467729E-04
  -26.6000  1.6431160E-04
  -26.5000  1.6395884E-04
  -26.4000  1.6361930E-04
  -26.3000  1.6329355E-04
  -26.2000  1.6298160E-04
  -26.1000  1.6268387E-04
  -26.0000  1.6240077E-04
  -25.9000  1.6213271E-04
  -25.8000  1.6188013E-04
  -25.7000  1.6164345E-04
  -25.6000  1.6142317E-04
  -25.5000  1.6121998E-04
  -25.4000  1.6103447E-04
  -25.3000  1.6086726E-04
  -25.2000  1.6071905E-04
  -25.1000  1.6059083E-04
  -25.0000  1.6048313E-04
  -24.9000  1.6039676E-04
  -24.8000  1.6033274E-04
  -24.7000  1.6029208E-04
  -24.6000  1.6027588E-04
  -24.5000  1.6028534E-04
  -24.4000  1.6032133E-04
  -24.3000  1.6038565E-04
  -24.2000  1.6047980E-04
  -24.1000  1.6060539E-04
  -24.0000  1.6076421E-04
  -23.9000  1.6095861E-04
  -23.8000  1.6119015E-04
  -23.7000  1.6146123E-04
  -23.6000  1.6177436E-04
  -23.5000  1.6213231E-04
  -23.4000  1.6253812E-04
  -23.3000  1.6299512E-04
  -23.2000  1.6350669E-04
  -23.1000  1.6407673E-04
  -23.0000  1.6471029E-04
  -22.9000  1.6541217E-04
  -22.8000  1.6618827E-04
  -22.7000  1.6704425E-04
  -22.6000  1.6798678E-04
  -22.5000  1.6902352E-04
  -22.4000  1.7016290E-04
  -22.3000  1.7141448E-04
  -22.2000  1.7278895E-04
  -22.1000  1.7429801E-04
  -22.0000  1.7595490E-04
  -21.9000  1.7777520E-04
  -21.8000  1.7977747E-04
  -21.7000  1.8198237E-04
  -21.6000  1.8441212E-04
  -21.5000  1.8709352E-04
  -21.4000  1.9005722E-04
  -21.3000  1.9333917E-04
  -21.2000  1.9698101E-04
  -21.1000  2.0103169E-04
  -21.0000  2.0554894E-04
  -20.9000  2.1060162E-04
  -20.8000  2.1626720E-04
  -20.7000  2.2264960E-04
  -20.6000  2.2986572E-04
  -20.5000  2.3806046E-04
  -20.4000  2.4741163E-04
  -20.3000  2.5813977E-04
  -20.2000  2.7052128E-04
  -20.1000  2.8490373E-04
  -20.0000  3.0173630E-04
  -19.9000  3.2160225E-04
  -19.8000  3.4526055E-04
  -19.7000  3.7373797E-04
  -19.6000  4.0844804E-04
  -19.5000  4.5134920E-04
  -19.4000  5.0524140E-04
  -19.3000  5.7426075E-04
  -19.2000  6.6472909E-04
  -19.1000  7.8669499E-04
  -19.0000  9.5707309E-04
  -18.9000  1.2067051E-03
  -18.8000  1.5942508E-03
  -18.7000  2.2483674E-03
  -18.6000  3.5194733E-03
  -18.5000  6.6407042E-03
  -18.4000  1.9601393E-02
  -18.3000  6.3146815E-01
  -18.2000  4.4424545E-02
  -18.1000  7.3688564E-02
  -18.0000  4.2244400E-01
  -17.9000  2.3823905E-02
  -17.8000  8.0596715E-03
  -17.7000  4.1581300E-03
  -17.6000  2.5900898E-03
  -17.5000  1.7970976E-03
  -17.4000  1.3379786E-03
  -17.3000  1.0472424E-03
  -17.2000  8.5105520E-04
  -17.1000  7.1226492E-04
  -17.0000  6.1026252E-04
  -16.9000  5.3305930E-04
  -16.8000  4.7319658E-04
  -16.7000  4.2582112E-04
  -16.6000  3.8767867E-04
  -16.5000  3.5651287E-04
  -16.4000  3.3072232E-04
  -16.3000  3.0916545E-04
  -16.2000  2.9093489E-04
  -16.1000  2.7538563E-04
  -16.0000  2.6203601E-04
  -15.9000  2.5048995E-04
  -15.8000  2.4044152E-04
  -15.7000  2.3164769E-04
  -15.6000  2.2392129E-04
  -15.5000  2.1709910E-04
  -15.4000  2.1104323E-04
  -15.3000  2.0565437E-04
  -15.2000  2.0084697E-04
  -15.1000  1.9654526E-04
  -15.0000  1.9268656E-04
  -14.9000  1.8922260E-04
  -14.8000  1.8610515E-04
  -14.7000  1.8329299E-04
  -14.6000  1.8075648E-04
  -14.5000  1.7847010E-04
  -14.4000  1.7640881E-04
  -14.3000  1.7455066E-04
  -14.2000  1.7288042E-04
  -14.1000  1.7137862E-04
  -14.0000  1.7002902E-04
  -13.9000  1.6882472E-04
  -13.8000  1.6775497E-04
  -13.7000  1.6680930E-04
  -13.6000  1.6598076E-04
  -13.5000  1.6526045E-04
  -13.4000  1.6463956E-04
  -13.3000  1.6411743E-04
  -13.2000  1.6368899E-04
  -13.1000  1.6334963E-04
  -13.0000  1.6309538E-04
  -12.9000  1.6292134E-04
  -12.8000  1.6282733E-04
  -12.7000  1.6281138E-04
  -12.6000  1.6287260E-04
  -12.5000  1.6300824E-04
  -12.4000  1.6321589E-04
  -12.3000  1.6349780E-04
  -12.2000  1.6385345E-04
  -12.1000  1.6428255E-04
  -12.0000  1.6478411E-04
  -11.9000  1.6536011E-04
  -11.8000  1.6601271E-04
  -11.7000  1.6674264E-04
  -11.6000  1.6754766E-04
  -11.5000  1.6843551E-04
  -11.4000  1.6940764E-04
  -11.3000  1.7046516E-04
  -11.2000  1.7160645E-04
  -11.1000  1.7284462E-04
  -11.0000  1.7417846E-04
  -10.9000  1.7561154E-04
  -10.8000  1.7715138E-04
  -10.7000  1.7880516E-04
  -10.6000  1.8057784E-04
  -10.5000  1.8247652E-04
  -10.4000  1.8450850E-04
  -10.3000  1.8668262E-04
  -10.2000  1.8900919E-04
  -10.1000  1.9149624E-04
  -10.0000  1.9415540E-04
  -9.90000  1.9700022E-04
  -9.80000  2.0004334E-04
  -9.70000  2.0330027E-04
  -9.60000  2.0678825E-04
  -9.50000  2.1052685E-04
  -9.40000  2.1453739E-04
  -9.30000  2.1884399E-04
  -9.20000  2.2347394E-04
  -9.10000  2.2845838E-04
  -9.00000  2.3383210E-04
  -8.90000  2.3963462E-04
  -8.80000  2.4590978E-04
  -8.70000  2.5270916E-04
  -8.60000  2.6009146E-04
  -8.50000  2.6812405E-04
  -8.40000  2.7688461E-04
  -8.30000  2.8646324E-04
  -8.20000  2.9696493E-04
  -8.10000  3.0851176E-04
  -8.00000  3.2124918E-04
  -7.90000  3.3534893E-04
  -7.80000  3.5101498E-04
  -7.70000  3.6849234E-04
  -7.60000  3.8807836E-04
  -7.50000  4.1013467E-04
  -7.40000  4.3510807E-04
  -7.30000  4.6355265E-04
  -7.20000  4.9616133E-04
  -7.10000  5.3381845E-04
  -7.00000  5.7766051E-04
  -6.90000  6.2917890E-04
  -6.80000  6.9035489E-04
  -6.70000  7.6387665E-04
  -6.60000  8.5350118E-04
  -6.50000  9.6463815E-04
  -6.40000  1.1054492E-03
  -6.30000  1.2891620E-03
  -6.20000  1.5404947E-03
  -6.10000  1.9253688E-03
  -6.00000  3.0077811E-03
  -5.90000  5.1057113E-03
  -5.80000  4.7075509E-03
  -5.70000  1.8075230E-02
  -5.60000  9.5831599E-03
  -5.50000  1.5096290E-02
  -5.40000  1.1068063E-02
  -5.30000  4.7606703E-02
  -5.20000  1.0517119E+00
  -5.10000  8.6105923E-02
  -5.00000  5.5926656E-02
  -4.90000  5.1200447E-02
  -4.80000  5.3724180E-02
  -4.70000  6.0193366E-02
  -4.60000  6.9624847E-02
  -4.50000  8.1487326E-02
  -4.40000  9.5140862E-02
  -4.30000  1.0968242E-01
  -4.20000  1.2525398E-01
  -4.10000  1.3755405E-01
  -4.00000  1.4863238E-01
  -3.90000  1.5809346E-01
  -3.80000  1.6487876E-01
  -3.70000  1.6832789E-01
  -3.60000  1.6585030E-01
  -3.50000  1.5777222E-01
  -3.40000  1.4501322E-01
  -3.30000  1.2948622E-01
  -3.20000  1.1325681E-01
  -3.10000  9.7906888E-02
  -3.00000  8.4288587E-02
  -2.90000  7.2715661E-02
  -2.80000  6.3204069E-02
  -2.70000  5.5689167E-02
  -2.60000  5.0239192E-02
  -2.50000  4.7455191E-02
  -2.40000  4.9837652E-02
  -2.30000  6.5618615E-02
  -2.20000  7.6175687E-02
  -2.10000  7.8851588E-02
  -2.00000  4.3803815E-02
  -1.90000  2.7433536E-02
  -1.80000  2.3214199E-02
  -1.70000  2.2793299E-02
  -1.60000  3.1032744E-02
  -1.50000  4.4517252E-02
  -1.40000  2.1216636E-02
  -1.30000  2.7561080E-02
  -1.20000  6.6952278E-02
  -1.10000  2.7687010E-02
  -1.00000  4.4026967E-02
  -0.90000  9.8424386E-02
  -0.80000  1.0982323E-01
  -0.70000  9.0829962E-02
  -0.60000  8.6440091E-02
  -0.50000  1.0454167E-01
  -0.40000  1.4234237E-01
  -0.30000  1.3794993E-01
  -0.20000  9.2863442E-02
  -0.10000  5.1569259E-02
  -0.00000  3.5820254E-02
   0.10000  2.9101644E-02
   0.20000  2.5213378E-02
   0.30000  2.3091105E-02
   0.40000  2.2315470E-02
   0.50000  2.2821954E-02
   0.60000  2.4665190E-02
   0.70000  2.7292882E-02
   0.80000  2.8448422E-02
   0.90000  2.6351228E-02
   1.00000  2.2808306E-02
   1.10000  1.9793116E-02
   1.20000  1.7674662E-02
   1.30000  1.6235568E-02
   1.40000  1.5240536E-02
   1.50000  1.4530890E-02
   1.60000  1.4008598E-02
   1.70000  1.3613356E-02
   1.80000  1.3307159E-02
   1.90000  1.3065344E-02
   2.00000  1.2871375E-02
   2.10000  1.2713850E-02
   2.20000  1.2584703E-02
   2.30000  1.2478129E-02
   2.40000  1.2389778E-02
   2.50000  1.2316388E-02
   2.60000  1.2255484E-02
   2.70000  1.2205192E-02
   2.80000  1.2163963E-02
   2.90000  1.2130615E-02
   3.00000  1.2140619E-02
   3.10000  1.2119926E-02
   3.20000  1.2104844E-02
   3.30000  1.2094949E-02
   3.40000  1.2089840E-02
   3.50000  1.2087720E-02
   3.60000  1.2089352E-02
   3.70000  1.2095196E-02
   3.80000  1.2105150E-02
   3.90000  1.2119162E-02
   4.00000  1.2137186E-02
   4.10000  1.2159257E-02
   4.20000  1.2185444E-02
   4.30000  1.2215888E-02
   4.40000  1.2250603E-02
   4.50000  1.2289632E-02
   4.60000  1.2333126E-02
   4.70000  1.2381258E-02
   4.80000  1.2434224E-02
   4.90000  1.2492241E-02
   5.00000  1.2555549E-02
   5.10000  1.2624411E-02
   5.20000  1.2699109E-02
   5.30000  1.2779951E-02
   5.40000  1.2867263E-02
   5.50000  1.2961435E-02
   5.60000  1.3062843E-02
   5.70000  1.3171882E-02
   5.80000  1.3288970E-02
   5.90000  1.3414571E-02
   6.00000  1.3549159E-02
   6.10000  1.3693245E-02
   6.20000  1.3847381E-02
   6.30000  1.4012114E-02
   6.40000  1.4188084E-02
   6.50000  1.4375929E-02
   6.60000  1.4576352E-02
   6.70000  1.4790070E-02
   6.80000  1.5017871E-02
   6.90000  1.5260544E-02
   7.00000  1.5518969E-02
   7.10000  1.5794047E-02
   7.20000  1.6086760E-02
   7.30000  1.6398124E-02
   7.40000  1.6729214E-02
   7.50000  1.7081196E-02
   7.60000  1.7455264E-02
   7.70000  1.7852730E-02
   7.80000  1.8274937E-02
   7.90000  1.8723320E-02
   8.00000  1.9199397E-02
   8.10000  1.9704783E-02
   8.20000  2.0241180E-02
   8.30000  2.0810397E-02
   8.40000  2.1414330E-02
   8.50000  2.2054993E-02
   8.60000  2.2734348E-02
   8.70000  2.3454802E-02
   8.80000  2.4218732E-02
   8.90000  2.5028650E-02
   9.00000  2.5887200E-02
   9.10000  2.6797169E-02
   9.20000  2.7761506E-02
   9.30000  2.8783320E-02
   9.40000  2.9865885E-02
   9.50000  3.1012649E-02
   9.60000  3.2227244E-02
   9.70000  3.3513502E-02
   9.80000  3.4875426E-02
   9.90000  3.6317232E-02
   10.0000  3.7843344E-02
   10.1000  3.9458402E-02
   10.2000  4.1167257E-02
   10.3000  4.2974983E-02
   10.4000  4.4886876E-02
   10.5000  4.6908468E-02
   10.6000  4.9045778E-02
   10.7000  5.1304197E-02
   10.8000  5.3690161E-02
   10.9000  5.6210033E-02
   11.0000  5.8870359E-02
   11.1000  6.2227558E-02
   11.2000  6.5220116E-02
   11.3000  6.8375252E-02
   11.4000  7.1699913E-02
   11.5000  7.5201270E-02
   11.6000  7.8886356E-02
   11.7000  8.2762145E-02
   11.8000  8.6835490E-02
   11.9000  9.1113051E-02
   12.0000  9.5601144E-02
   12.1000  1.0030563E-01
   12.2000  1.0523189E-01
   12.3000  1.1038468E-01
   12.4000  1.1576809E-01
   12.5000  1.2138519E-01
   12.6000  1.2723808E-01
   12.7000  1.3332774E-01
   12.8000  1.3965396E-01
   12.9000  1.4621508E-01
   13.0000  1.5300796E-01
   13.1000  1.6002790E-01
   13.2000  1.6726855E-01
   13.3000  1.7472191E-01
   13.4000  1.8237798E-01
   13.5000  1.9022509E-01
   13.6000  1.9824971E-01
   13.7000  2.0643655E-01
   13.8000  2.1476876E-01
   13.9000  2.2322826E-01
   14.0000  2.3179532E-01
   14.1000  2.4044947E-01
   14.2000  2.4916979E-01
   14.3000  2.5793528E-01
   14.4000  2.6672507E-01
   14.5000  2.7551915E-01
   14.6000  2.8429876E-01
   14.7000  2.9304772E-01
   14.8000  3.0176899E-01
   14.9000  3.1042816E-01
   15.0000  3.1901837E-01
   15.1000  3.2754263E-01
   15.2000  3.3599727E-01
   15.3000  3.4438300E-01
   15.4000  3.5270748E-01
   15.5000  3.6098418E-01
   15.6000  3.6922952E-01
   15.7000  3.7746569E-01
   15.8000  3.8571881E-01
   15.9000  3.9401895E-01
   16.0000  4.0239785E-01
   16.1000  4.1088848E-01
   16.2000  4.1952852E-01
   16.3000  4.2834821E-01
   16.4000  4.3737692E-01
   16.5000  4.4663767E-01
   16.6000  4.5614735E-01
   16.7000  4.6590443E-01
   16.8000  4.7589263E-01
   16.9000  4.8607537E-01
   17.0000  4.9639185E-01
   17.1000  5.0675642E-01
   17.2000  5.1704980E-01
   17.3000  5.2712365E-01
   17.4000  5.3680304E-01
   17.5000  5.4589127E-01
   17.6000  5.5417738E-01
   17.7000  5.6145066E-01
   17.8000  5.6750751E-01
   17.9000  5.7217053E-01
   18.0000  5.7530109E-01
   18.1000  5.7680990E-01
   18.2000  5.7666324E-01
   18.3000  5.7488429E-01
   18.4000  5.7155094E-01
   18.5000  5.6678405E-01
   18.6000  5.6073972E-01
   18.7000  5.5359754E-01
   18.8000  5.4554787E-01
   18.9000  5.3678119E-01
   19.0000  5.2747971E-01
   19.1000  5.1781120E-01
   19.2000  5.0792488E-01
   19.3000  4.9794913E-01
   19.4000  4.8799222E-01
   19.5000  4.7814287E-01
   19.6000  4.6847157E-01
   19.7000  4.5903264E-01
   19.8000  4.4986644E-01
   19.9000  4.4100155E-01
   20.0000  4.3245687E-01
   20.1000  4.2424344E-01
   20.2000  4.1635899E-01
   20.3000  4.0882022E-01
   20.4000  4.0161364E-01
   20.5000  3.9473225E-01
   20.6000  3.8816697E-01
   20.7000  3.8190704E-01
   20.8000  3.7594082E-01
   20.9000  3.7025701E-01
   21.0000  3.6484347E-01
   21.1000  3.5968803E-01
   21.2000  3.5477871E-01
   21.3000  3.5010365E-01
   21.4000  3.4565141E-01
   21.5000  3.4141048E-01
   21.6000  3.3737068E-01
   21.7000  3.3352227E-01
   21.8000  3.2985568E-01
   21.9000  3.2636190E-01
   22.0000  3.2303234E-01
   22.1000  3.1984345E-01
   22.2000  3.1680151E-01
   22.3000  3.1390303E-01
   22.4000  3.1114145E-01
   22.5000  3.0851020E-01
   22.6000  3.0600306E-01
   22.7000  3.0361424E-01
   22.8000  3.0133837E-01
   22.9000  2.9917036E-01
   23.0000  2.9710539E-01
   23.1000  2.9513871E-01
   23.2000  2.9326623E-01
   23.3000  2.9148407E-01
   23.4000  2.8978848E-01
   23.5000  2.8817593E-01
   23.6000  2.8664328E-01
   23.7000  2.8518728E-01
   23.8000  2.8380484E-01
   23.9000  2.8249314E-01
   24.0000  2.8124936E-01
   24.1000  2.8007126E-01
   24.2000  2.7895648E-01
   24.3000  2.7790276E-01
   24.4000  2.7690800E-01
   24.5000  2.7597017E-01
   24.6000  2.7508735E-01
   24.7000  2.7425772E-01
   24.8000  2.7347950E-01
   24.9000  2.7275087E-01
   25.0000  2.7207053E-01
   25.1000  2.7143664E-01
   25.2000  2.7084445E-01
   25.3000  2.7029403E-01
   25.4000  2.6978472E-01
   25.5000  2.6931561E-01
   25.6000  2.6888541E-01
   25.7000  2.6849293E-01
   25.8000  2.6813761E-01
   25.9000  2.6781829E-01
   26.0000  2.6753428E-01
   26.1000  2.6728444E-01
   26.2000  2.6706724E-01
   26.3000  2.6688180E-01
   26.4000  2.6672735E-01
   26.5000  2.6660305E-01
   26.6000  2.6650173E-01
   26.7000  2.6643356E-01
   26.8000  2.6639204E-01
   26.9000  2.6637624E-01
   27.0000  2.6638511E-01
   27.1000  2.6641759E-01
   27.2000  2.6647265E-01
   27.3000  2.6654885E-01
   27.4000  2.6664561E-01
   27.5000  2.6676185E-01
   27.6000  2.6683460E-01
   27.7000  2.6698825E-01
   27.8000  2.6715792E-01
   27.9000  2.6734242E-01
   28.0000  2.6754041E-01
   28.1000  2.6775101E-01
   28.2000  2.6797299E-01
   28.3000  2.6820518E-01
   28.4000  2.6844672E-01
   28.5000  2.6869610E-01
   28.6000  2.6895206E-01
   28.7000  2.6921346E-01
   28.8000  2.6947883E-01
   28.9000  2.6974708E-01
   29.0000  2.7001695E-01
   29.1000  2.7028716E-01
   29.2000  2.7055646E-01
   29.3000  2.7082357E-01
   29.4000  2.7108726E-01
   29.5000  2.7134624E-01
   29.6000  2.7159921E-01
   29.7000  2.7184486E-01
   29.8000  2.7208192E-01
   29.9000  2.7230921E-01
   30.0000  2.7252546E-01
   30.1000  2.7272945E-01
   30.2000  2.7291996E-01
   30.3000  2.7309612E-01
   30.4000  2.7325651E-01
   30.5000  2.7339909E-01
   30.6000  2.7352158E-01
   30.7000  2.7362495E-01
   30.8000  2.7370808E-01
   30.9000  2.7376994E-01
   31.0000  2.7380958E-01
   31.1000  2.7382600E-01
   31.2000  2.7381830E-01
   31.3000  2.7378560E-01
   31.4000  2.7372701E-01
   31.5000  2.7364172E-01
   31.6000  2.7352898E-01
   31.7000  2.7338806E-01
   31.8000  2.7321831E-01
   31.9000  2.7301911E-01
   32.0000  2.7278985E-01
   32.1000  2.7252995E-01
   32.2000  2.7223897E-01
   32.3000  2.7191655E-01
   32.4000  2.7156262E-01
   32.5000  2.7117662E-01
   32.6000  2.7075828E-01
   32.7000  2.7030743E-01
   32.8000  2.6982391E-01
   32.9000  2.6930770E-01
   33.0000  2.6875879E-01
   33.1000  2.6817723E-01
   33.2000  2.6756313E-01
   33.3000  2.6691647E-01
   33.4000  2.6623746E-01
   33.5000  2.6552651E-01
   33.6000  2.6478400E-01
   33.7000  2.6401033E-01
   33.8000  2.6320594E-01
   33.9000  2.6237132E-01
   34.0000  2.6150704E-01
   34.1000  2.6061367E-01
   34.2000  2.5969188E-01
   34.3000  2.5874232E-01
   34.4000  2.5776566E-01
   34.5000  2.5676249E-01
   34.6000  2.5573367E-01
   34.7000  2.5468036E-01
   34.8000  2.5360323E-01
   34.9000  2.5250310E-01
   35.0000  2.5138076E-01
   35.1000  2.5023728E-01
   35.2000  2.4907363E-01
   35.3000  2.4789074E-01
   35.4000  2.4668957E-01
   35.5000  2.4547113E-01
   35.6000  2.4423631E-01
   35.7000  2.4298620E-01
   35.8000  2.4172141E-01
   35.9000  2.4044309E-01
   36.0000  2.3915244E-01
   36.1000  2.3785041E-01
   36.2000  2.3653797E-01
   36.3000  2.3521607E-01
   36.4000  2.3388566E-01
   36.5000  2.3254879E-01
   36.6000  2.3120767E-01
   36.7000  2.2986210E-01
   36.8000  2.2851210E-01
   36.9000  2.2715980E-01
   37.0000  2.2580417E-01
   37.1000  2.2444598E-01
   37.2000  2.2308673E-01
   37.3000  2.2172656E-01
   37.4000  2.2036604E-01
   37.5000  2.1900585E-01
   37.6000  2.1764713E-01
   37.7000  2.1629087E-01
   37.8000  2.1493675E-01
   37.9000  2.1358542E-01
   38.0000  2.1223729E-01
   38.1000  2.1089313E-01
   38.2000  2.0955413E-01
   38.3000  2.0822050E-01
   38.4000  2.0689215E-01
   38.5000  2.0556939E-01
   38.6000  2.0425182E-01
   38.7000  2.0294064E-01
   38.8000  2.0163618E-01
   38.9000  2.0033922E-01
   39.0000  1.9905031E-01
   39.1000  1.9776898E-01
   39.2000  1.9649543E-01
   39.3000  1.9522992E-01
   39.4000  1.9397268E-01
   39.5000  1.9272393E-01
   39.6000  1.9148384E-01
   39.7000  1.9025260E-01
   39.8000  1.8903142E-01
   39.9000  1.8781960E-01
   40.0000  1.8661687E-01
   40.1000  1.8541678E-01
   40.2000  1.8421976E-01
   40.3000  1.8303182E-01
   40.4000  1.8185301E-01
   40.5000  1.8068341E-01
   40.6000  1.7952319E-01
   40.7000  1.7837239E-01
   40.8000  1.7723192E-01
   40.9000  1.7610157E-01
   41.0000  1.7498107E-01
   41.1000  1.7387056E-01
   41.2000  1.7277016E-01
   41.3000  1.7168001E-01
   41.4000  1.7060023E-01
   41.5000  1.6953101E-01
   41.6000  1.6847193E-01
   41.7000  1.6742360E-01
   41.8000  1.6638639E-01
   41.9000  1.6536053E-01
   42.0000  1.6434731E-01
   42.1000  1.6334600E-01
   42.2000  1.6235677E-01
   42.3000  1.6137990E-01
   42.4000  1.6041560E-01
   42.5000  1.5946425E-01
   42.6000  1.5852632E-01
   42.7000  1.5760214E-01
   42.8000  1.5669205E-01
   42.9000  1.5579636E-01
   43.0000  1.5491554E-01
   43.1000  1.5405007E-01
   43.2000  1.5319997E-01
   43.3000  1.5236669E-01
   43.4000  1.5155095E-01
   43.5000  1.5075263E-01
   43.6000  1.4997224E-01
   43.7000  1.4921029E-01
   43.8000  1.4846747E-01
   43.9000  1.4774438E-01
   44.0000  1.4704164E-01
   44.1000  1.4635984E-01
   44.2000  1.4569962E-01
   44.3000  1.4506168E-01
   44.4000  1.4444665E-01
   44.5000  1.4385513E-01
   44.6000  1.4328774E-01
   44.7000  1.4274517E-01
   44.8000  1.4222807E-01
   44.9000  1.4173777E-01
   45.0000  1.4127404E-01
   45.1000  1.4083740E-01
   45.2000  1.4042848E-01
   45.3000  1.4004801E-01
   45.4000  1.3969631E-01
   45.5000  1.3937371E-01
   45.6000  1.3908067E-01
   45.7000  1.3881760E-01
   45.8000  1.3858467E-01
   45.9000  1.3838209E-01
   46.0000  1.3821006E-01
   46.1000  1.3806869E-01
   46.2000  1.3795804E-01
   46.3000  1.3787811E-01
   46.4000  1.3782882E-01
   46.5000  1.3781003E-01
   46.6000  1.3782198E-01
   46.7000  1.3786408E-01
   46.8000  1.3793588E-01
   46.9000  1.3803698E-01
   47.0000  1.3816684E-01
   47.1000  1.3832493E-01
   47.2000  1.3851064E-01
   47.3000  1.3872332E-01
   47.4000  1.3896232E-01
   47.5000  1.3922678E-01
   47.6000  1.3951586E-01
   47.7000  1.3982871E-01
   47.8000  1.4016444E-01
   47.9000  1.4052205E-01
   48.0000  1.4090056E-01
   48.1000  1.4129893E-01
   48.2000  1.4171613E-01
   48.3000  1.4215131E-01
   48.4000  1.4260353E-01
   48.5000  1.4307144E-01
   48.6000  1.4355384E-01
   48.7000  1.4404931E-01
   48.8000  1.4455705E-01
   48.9000  1.4507614E-01
   49.0000  1.4560550E-01
   49.1000  1.4614392E-01
   49.2000  1.4669036E-01
   49.3000  1.4724454E-01
   49.4000  1.4780611E-01
   49.5000  1.4837310E-01
   49.6000  1.4894451E-01
   49.7000  1.4951980E-01
   49.8000  1.5009729E-01
   49.9000  1.5067619E-01
   50.0000  1.5125586E-01
   50.1000  1.5183652E-01
   50.2000  1.5241666E-01
   50.3000  1.5299542E-01
   50.4000  1.5357221E-01
   50.5000  1.5414596E-01
   50.6000  1.5471714E-01
   50.7000  1.5528514E-01
   50.8000  1.5584347E-01
   50.9000  1.5639145E-01
   51.0000  1.5693535E-01
   51.1000  1.5747485E-01
   51.2000  1.5801009E-01
   51.3000  1.5854132E-01
   51.4000  1.5906861E-01
   51.5000  1.5959128E-01
   51.6000  1.6010859E-01
   51.7000  1.6062045E-01
   51.8000  1.6112692E-01
   51.9000  1.6162833E-01
   52.0000  1.6212443E-01
   52.1000  1.6261506E-01
   52.2000  1.6310025E-01
   52.3000  1.6358075E-01
   52.4000  1.6405598E-01
   52.5000  1.6452664E-01
   52.6000  1.6499272E-01
   52.7000  1.6545392E-01
   52.8000  1.6591062E-01
   52.9000  1.6636285E-01
   53.0000  1.6681070E-01
   53.1000  1.6725435E-01
   53.2000  1.6769428E-01
   53.3000  1.6813068E-01
   53.4000  1.6856429E-01
   53.5000  1.6899469E-01
   53.6000  1.6942213E-01
   53.7000  1.6984688E-01
   53.8000  1.7026921E-01
   53.9000  1.7068956E-01
   54.0000  1.7110823E-01
   54.1000  1.7152585E-01
   54.2000  1.7194216E-01
   54.3000  1.7235748E-01
   54.4000  1.7277153E-01
   54.5000  1.7318511E-01
   54.6000  1.7359869E-01
   54.7000  1.7401348E-01
   54.8000  1.7442866E-01
   54.9000  1.7484448E-01
   55.0000  1.7526138E-01
   55.1000  1.7567966E-01
   55.2000  1.7609997E-01
   55.3000  1.7652201E-01
   55.4000  1.7694595E-01
   55.5000  1.7737203E-01
   55.6000  1.7780046E-01
   55.7000  1.7823146E-01
   55.8000  1.7866467E-01
   55.9000  1.7910117E-01
   56.0000  1.7954086E-01
   56.1000  1.7998442E-01
   56.2000  1.8043206E-01
   56.3000  1.8088344E-01
   56.4000  1.8133872E-01
   56.5000  1.8179787E-01
   56.6000  1.8226129E-01
   56.7000  1.8272903E-01
   56.8000  1.8320123E-01
   56.9000  1.8367806E-01
   57.0000  1.8415965E-01
   57.1000  1.8464601E-01
   57.2000  1.8513724E-01
   57.3000  1.8563343E-01
   57.4000  1.8613464E-01
   57.5000  1.8664093E-01
   57.6000  1.8715237E-01
   57.7000  1.8766917E-01
   57.8000  1.8819142E-01
   57.9000  1.8871964E-01
   58.0000  1.8925325E-01
   58.1000  1.8979232E-01
   58.2000  1.9033691E-01
   58.3000  1.9088719E-01
   58.4000  1.9144280E-01
   58.5000  1.9200367E-01
   58.6000  1.9256976E-01
   58.7000  1.9313997E-01
   58.8000  1.9371513E-01
   58.9000  1.9429543E-01
   59.0000  1.9488089E-01
   59.1000  1.9547139E-01
   59.2000  1.9606688E-01
   59.3000  1.9666736E-01
   59.4000  1.9727270E-01
   59.5000  1.9788291E-01
   59.6000  1.9849784E-01
   59.7000  1.9911743E-01
   59.8000  1.9974194E-01
   59.9000  2.0037136E-01
   60.0000  2.0100559E-01
   60.1000  2.0164412E-01
   60.2000  2.0228680E-01
   60.3000  2.0293348E-01
   60.4000  2.0358430E-01
   60.5000  2.0423919E-01
   60.6000  2.0489801E-01
   60.7000  2.0556069E-01
   60.8000  2.0622705E-01
   60.9000  2.0689686E-01
   61.0000  2.0756969E-01
   61.1000  2.0824590E-01
   61.2000  2.0892540E-01
   61.3000  2.0960809E-01
   61.4000  2.1029387E-01
   61.5000  2.1098266E-01
   61.6000  2.1167435E-01
   61.7000  2.1236886E-01
   61.8000  2.1306607E-01
   61.9000  2.1376529E-01
   62.0000  2.1446701E-01
   62.1000  2.1517199E-01
   62.2000  2.1587941E-01
   62.3000  2.1658913E-01
   62.4000  2.1730068E-01
   62.5000  2.1801440E-01
   62.6000  2.1873098E-01
   62.7000  2.1945368E-01
   62.8000  2.2017830E-01
   62.9000  2.2090478E-01
   63.0000  2.2163303E-01
   63.1000  2.2236301E-01
   63.2000  2.2309464E-01
   63.3000  2.2382758E-01
   63.4000  2.2456174E-01
   63.5000  2.2529740E-01
   63.6000  2.2603473E-01
   63.7000  2.2677338E-01
   63.8000  2.2751355E-01
   63.9000  2.2825503E-01
   64.0000  2.2899763E-01
   64.1000  2.2974178E-01
   64.2000  2.3048738E-01
   64.3000  2.3123425E-01
   64.4000  2.3198218E-01
   64.5000  2.3273137E-01
   64.6000  2.3348155E-01
   64.7000  2.3423237E-01
   64.8000  2.3498440E-01
   64.9000  2.3573762E-01
   65.0000  2.3649173E-01
   65.1000  2.3724670E-01
   65.2000  2.3800252E-01
   65.3000  2.3875916E-01
   65.4000  2.3951607E-01
   65.5000  2.4027321E-01
   65.6000  2.4103127E-01
   65.7000  2.4179050E-01
   65.8000  2.4254988E-01
   65.9000  2.4330975E-01
   66.0000  2.4407015E-01
   66.1000  2.4483117E-01
   66.2000  2.4559326E-01
   66.3000  2.4635612E-01
   66.4000  2.4711943E-01
   66.5000  2.4788330E-01
   66.6000  2.4864744E-01
   66.7000  2.4941259E-01
   66.8000  2.5017832E-01
   66.9000  2.5094438E-01
   67.0000  2.5171067E-01
   67.1000  2.5247693E-01
   67.2000  2.5324357E-01
   67.3000  2.5401081E-01
   67.4000  2.5477823E-01
   67.5000  2.5554546E-01
   67.6000  2.5631284E-01
   67.7000  2.5708017E-01
   67.8000  2.5784740E-01
   67.9000  2.5861470E-01
   68.0000  2.5938250E-01
   68.1000  2.6015021E-01
   68.2000  2.6091771E-01
   68.3000  2.6168470E-01
   68.4000  2.6245133E-01
   68.5000  2.6321762E-01
   68.6000  2.6398336E-01
   68.7000  2.6474844E-01
   68.8000  2.6551256E-01
   68.9000  2.6627583E-01
   69.0000  2.6703814E-01
   69.1000  2.6779935E-01
   69.2000  2.6855917E-01
   69.3000  2.6931682E-01
   69.4000  2.7007268E-01
   69.5000  2.7082750E-01
   69.6000  2.7158027E-01
   69.7000  2.7233095E-01
   69.8000  2.7307952E-01
   69.9000  2.7382578E-01
   70.0000  2.7456951E-01
   71.0000  2.8182478E-01
   72.0000  2.8855722E-01
   73.0000  2.9443523E-01
   74.0000  2.9907989E-01
   75.0000  3.0210964E-01
   76.0000  3.0322022E-01
   77.0000  3.0227566E-01
   78.0000  2.9936097E-01
   79.0000  2.9476251E-01
   80.0000  2.8890959E-01
   81.0000  2.8226156E-01
   82.0000  2.7524241E-01
   83.0000  2.6819851E-01
   84.0000  2.6139062E-01
   85.0000  2.5500440E-01
   86.0000  2.4917235E-01
   87.0000  2.4397673E-01
   88.0000  2.3947985E-01
   89.0000  2.3573294E-01
   90.0000  2.3274946E-01
   91.0000  2.3052695E-01
   92.0000  2.2902405E-01
   93.0000  2.2815757E-01
   94.0000  2.2781585E-01
   95.0000  2.2785552E-01
   96.0000  2.2811570E-01
   97.0000  2.2843424E-01
   98.0000  2.2865455E-01
   99.0000  2.2863392E-01
   100.000  2.2826470E-01
